{
"lowlevel": {
    "average_loudness": 0.797312259674,
    "barkbands_crest": {
        "dmean": 1.67771577835,
        "dmean2": 2.69580578804,
        "dvar": 2.92487311363,
        "dvar2": 7.48201990128,
        "max": 25.0486221313,
        "mean": 11.1170701981,
        "median": 10.3650808334,
        "min": 3.45306587219,
        "var": 15.5967264175
    },
    "barkbands_flatness_db": {
        "dmean": 0.0181918200105,
        "dmean2": 0.025906322524,
        "dvar": 0.000347796652932,
        "dvar2": 0.000704816775396,
        "max": 0.478543192148,
        "mean": 0.205435395241,
        "median": 0.194118231535,
        "min": 0.0363171882927,
        "var": 0.00503860739991
    },
    "barkbands_kurtosis": {
        "dmean": 3.17480421066,
        "dmean2": 4.8992972374,
        "dvar": 29.3075370789,
        "dvar2": 72.4638519287,
        "max": 195.637207031,
        "mean": 8.84558677673,
        "median": 5.63607501984,
        "min": -1.87172055244,
        "var": 165.569335938
    },
    "barkbands_skewness": {
        "dmean": 0.419787704945,
        "dmean2": 0.638318121433,
        "dvar": 0.248637065291,
        "dvar2": 0.578087151051,
        "max": 12.2641553879,
        "mean": 2.19445776939,
        "median": 2.06088972092,
        "min": -2.98647427559,
        "var": 1.63360512257
    },
    "barkbands_spread": {
        "dmean": 2.51584792137,
        "dmean2": 3.72307682037,
        "dvar": 16.2409477234,
        "dvar2": 30.023399353,
        "max": 120.947357178,
        "mean": 12.3755998611,
        "median": 10.360118866,
        "min": 0.49909389019,
        "var": 96.1692810059
    },
    "dissonance": {
        "dmean": 0.0201002806425,
        "dmean2": 0.0332694984972,
        "dvar": 0.000350757705746,
        "dvar2": 0.000915474258363,
        "max": 0.500000059605,
        "mean": 0.439538180828,
        "median": 0.445466697216,
        "min": 0.245458826423,
        "var": 0.00129099155311
    },
    "dynamic_complexity": 3.23335385323,
    "erbbands_crest": {
        "dmean": 1.86518979073,
        "dmean2": 2.89224290848,
        "dvar": 3.33087825775,
        "dvar2": 8.30323410034,
        "max": 27.8709049225,
        "mean": 9.25093364716,
        "median": 8.47338485718,
        "min": 2.13153266907,
        "var": 13.092218399
    },
    "erbbands_flatness_db": {
        "dmean": 0.0156775340438,
        "dmean2": 0.0203697755933,
        "dvar": 0.0002609352523,
        "dvar2": 0.000474730826681,
        "max": 0.350991904736,
        "mean": 0.184458613396,
        "median": 0.179864883423,
        "min": 0.0282028522342,
        "var": 0.00238792062737
    },
    "erbbands_kurtosis": {
        "dmean": 0.699733197689,
        "dmean2": 1.07279396057,
        "dvar": 1.20902764797,
        "dvar2": 2.79500293732,
        "max": 28.4970397949,
        "mean": 0.510974526405,
        "median": -0.187071800232,
        "min": -1.79619669914,
        "var": 5.21109676361
    },
    "erbbands_skewness": {
        "dmean": 0.265935212374,
        "dmean2": 0.399310141802,
        "dvar": 0.0802792310715,
        "dvar2": 0.173220351338,
        "max": 4.21045780182,
        "mean": 0.594114661217,
        "median": 0.577513694763,
        "min": -2.61420941353,
        "var": 0.556421041489
    },
    "erbbands_spread": {
        "dmean": 5.07109642029,
        "dmean2": 7.39873170853,
        "dvar": 34.7766075134,
        "dvar2": 71.622428894,
        "max": 135.046142578,
        "mean": 34.7035446167,
        "median": 33.601890564,
        "min": 4.39730834961,
        "var": 198.538864136
    },
    "hfc": {
        "dmean": 2.86238217354,
        "dmean2": 4.01478099823,
        "dvar": 22.0589809418,
        "dvar2": 42.9231758118,
        "max": 168.868728638,
        "mean": 13.5729951859,
        "median": 11.139465332,
        "min": 1.26001034578e-16,
        "var": 124.286529541
    },
    "melbands_crest": {
        "dmean": 2.27385687828,
        "dmean2": 3.69643855095,
        "dvar": 5.27125358582,
        "dvar2": 13.7758378983,
        "max": 30.8043613434,
        "mean": 15.2551651001,
        "median": 14.4567327499,
        "min": 1.60463070869,
        "var": 29.1108512878
    },
    "melbands_flatness_db": {
        "dmean": 0.0207806304097,
        "dmean2": 0.0296124219894,
        "dvar": 0.000501611677464,
        "dvar2": 0.00100506038871,
        "max": 0.615816891193,
        "mean": 0.29493033886,
        "median": 0.284662157297,
        "min": 0.00278966943733,
        "var": 0.00810843054205
    },
    "melbands_kurtosis": {
        "dmean": 6.23853445053,
        "dmean2": 9.62957572937,
        "dvar": 102.389579773,
        "dvar2": 246.998001099,
        "max": 334.516143799,
        "mean": 18.7903289795,
        "median": 12.6674118042,
        "min": -1.7574429512,
        "var": 431.715118408
    },
    "melbands_skewness": {
        "dmean": 0.54762762785,
        "dmean2": 0.830726385117,
        "dvar": 0.398589789867,
        "dvar2": 0.924684822559,
        "max": 12.2107210159,
        "mean": 3.13364505768,
        "median": 2.91265845299,
        "min": -0.3316834867,
        "var": 2.1741309166
    },
    "melbands_spread": {
        "dmean": 2.8319747448,
        "dmean2": 4.18747758865,
        "dvar": 28.2572631836,
        "dvar2": 50.9473495483,
        "max": 177.119155884,
        "mean": 12.8533439636,
        "median": 9.31641197205,
        "min": 0.469528853893,
        "var": 239.574539185
    },
    "pitch_salience": {
        "dmean": 0.052882719785,
        "dmean2": 0.0854274258018,
        "dvar": 0.00260241888463,
        "dvar2": 0.00697480281815,
        "max": 0.891619861126,
        "mean": 0.506135284901,
        "median": 0.5082706213,
        "min": 0.159141182899,
        "var": 0.0125738978386
    },
    "silence_rate_20dB": {
        "dmean": 0,
        "dmean2": 0,
        "dvar": 0,
        "dvar2": 0,
        "max": 1,
        "mean": 1,
        "median": 1,
        "min": 1,
        "var": 0
    },
    "silence_rate_30dB": {
        "dmean": 0.0200350135565,
        "dmean2": 0.0400739237666,
        "dvar": 0.0196332912892,
        "dvar2": 0.0507231578231,
        "max": 1,
        "mean": 0.983565092087,
        "median": 1,
        "min": 0,
        "var": 0.016164816916
    },
    "silence_rate_60dB": {
        "dmean": 0.00466835265979,
        "dmean2": 0.00933761335909,
        "dvar": 0.00464740116149,
        "dvar2": 0.0100259063765,
        "max": 1,
        "mean": 0.0594184584916,
        "median": 0,
        "min": 0,
        "var": 0.0558931045234
    },
    "spectral_centroid": {
        "dmean": 127.644195557,
        "dmean2": 188.95072937,
        "dvar": 39635.9960938,
        "dvar2": 68617.203125,
        "max": 11215.2490234,
        "mean": 812.366210938,
        "median": 678.02142334,
        "min": 140.506713867,
        "var": 316863.46875
    },
    "spectral_complexity": {
        "dmean": 1.91830384731,
        "dmean2": 2.99075961113,
        "dvar": 4.40772199631,
        "dvar2": 8.85932064056,
        "max": 43,
        "mean": 14.2072353363,
        "median": 13,
        "min": 0,
        "var": 46.4007263184
    },
    "spectral_decrease": {
        "dmean": 2.3649933123e-09,
        "dmean2": 3.72004094196e-09,
        "dvar": 1.88258449201e-17,
        "dvar2": 4.66738017209e-17,
        "max": 2.69737195376e-17,
        "mean": -8.96350993429e-09,
        "median": -8.00764610176e-09,
        "min": -5.77131906709e-08,
        "var": 4.22735979088e-17
    },
    "spectral_energy": {
        "dmean": 0.00912055466324,
        "dmean2": 0.0143175767735,
        "dvar": 0.000277424347587,
        "dvar2": 0.000686331419274,
        "max": 0.221858486533,
        "mean": 0.0350613743067,
        "median": 0.0313572883606,
        "min": 1.12658194722e-20,
        "var": 0.000635870324913
    },
    "spectral_energyband_high": {
        "dmean": 0.000100554992969,
        "dmean2": 0.000129425345222,
        "dvar": 1.64088163501e-07,
        "dvar2": 2.38836349808e-07,
        "max": 0.0258359033614,
        "mean": 0.0002256109874,
        "median": 6.91362511134e-05,
        "min": 8.45991378229e-21,
        "var": 6.30448823813e-07
    },
    "spectral_energyband_low": {
        "dmean": 0.00546140642837,
        "dmean2": 0.00869541801512,
        "dvar": 0.000128994084662,
        "dvar2": 0.000313834170811,
        "max": 0.170611083508,
        "mean": 0.0166520755738,
        "median": 0.013929752633,
        "min": 5.33414933009e-23,
        "var": 0.000257694919128
    },
    "spectral_energyband_middle_high": {
        "dmean": 0.000706279475708,
        "dmean2": 0.000975988223217,
        "dvar": 1.63830168276e-06,
        "dvar2": 3.09739425575e-06,
        "max": 0.039332959801,
        "mean": 0.00294005684555,
        "median": 0.00176663091406,
        "min": 1.40243525123e-21,
        "var": 1.14815893539e-05
    },
    "spectral_energyband_middle_low": {
        "dmean": 0.00576491560787,
        "dmean2": 0.00927327014506,
        "dvar": 0.000162802418345,
        "dvar2": 0.000434483052231,
        "max": 0.164416521788,
        "mean": 0.0171237867326,
        "median": 0.0134478639811,
        "min": 3.83257986004e-22,
        "var": 0.000251661549555
    },
    "spectral_entropy": {
        "dmean": 0.150567084551,
        "dmean2": 0.215651527047,
        "dvar": 0.0273168794811,
        "dvar2": 0.0552425794303,
        "max": 9.8009262085,
        "mean": 6.84084606171,
        "median": 6.91061830521,
        "min": 4.65672397614,
        "var": 0.336371719837
    },
    "spectral_flux": {
        "dmean": 0.0212167333812,
        "dmean2": 0.0340205729008,
        "dvar": 0.00107264297549,
        "dvar2": 0.00249053933658,
        "max": 0.358530193567,
        "mean": 0.0630914270878,
        "median": 0.0498838759959,
        "min": 1.06140561618e-10,
        "var": 0.00241094757803
    },
    "spectral_kurtosis": {
        "dmean": 3.76940894127,
        "dmean2": 6.38016653061,
        "dvar": 29.9572124481,
        "dvar2": 84.784538269,
        "max": 122.744346619,
        "mean": 10.6642932892,
        "median": 7.75531864166,
        "min": -1.19295823574,
        "var": 89.9293518066
    },
    "spectral_rms": {
        "dmean": 0.000678415119182,
        "dmean2": 0.00103344477247,
        "dvar": 1.05874119072e-06,
        "dvar2": 2.42889768742e-06,
        "max": 0.014712148346,
        "mean": 0.00543084181845,
        "median": 0.00553104653955,
        "min": 3.31527427039e-12,
        "var": 4.71211160402e-06
    },
    "spectral_rolloff": {
        "dmean": 176.696029663,
        "dmean2": 293.874786377,
        "dvar": 238441.09375,
        "dvar2": 446416.9375,
        "max": 19466.015625,
        "mean": 887.463012695,
        "median": 473.73046875,
        "min": 64.599609375,
        "var": 4012450.5
    },
    "spectral_skewness": {
        "dmean": 0.336854636669,
        "dmean2": 0.553595244884,
        "dvar": 0.153840124607,
        "dvar2": 0.417837560177,
        "max": 9.08414173126,
        "mean": 2.28666734695,
        "median": 2.10098433495,
        "min": -0.0134616233408,
        "var": 0.713678777218
    },
    "spectral_spread": {
        "dmean": 445203.46875,
        "dmean2": 600003.875,
        "dvar": 347993243648,
        "dvar2": 564716765184,
        "max": 39928316,
        "mean": 3509845.75,
        "median": 3289074,
        "min": 696057.625,
        "var": 2.28948154778e+12
    },
    "spectral_strongpeak": {
        "dmean": 0.262093901634,
        "dmean2": 0.458136707544,
        "dvar": 0.264577329159,
        "dvar2": 0.726630866528,
        "max": 8.16954040527,
        "mean": 0.676283478737,
        "median": 0.513570725918,
        "min": 0,
        "var": 0.35612642765
    },
    "zerocrossingrate": {
        "dmean": 0.00542095722631,
        "dmean2": 0.00644354568794,
        "dvar": 6.21255312581e-05,
        "dvar2": 5.93523254793e-05,
        "max": 0.5947265625,
        "mean": 0.0369643568993,
        "median": 0.02783203125,
        "min": 0.00244140625,
        "var": 0.00331542198546
    },
    "barkbands": {
        "dmean": [3.11677613354e-05, 0.00255689886399, 0.00278530991636, 0.00217087287456, 0.00304920901544, 0.00110375229269, 0.0010051963618, 0.000556458544452, 0.000513484526891, 0.000235723564401, 0.00019834334671, 0.000123228091979, 9.21110331547e-05, 0.00011313194409, 0.000187223384273, 0.000136724105687, 9.58037926466e-05, 0.000102459584014, 6.34045572951e-05, 5.33398888365e-05, 3.38627723977e-05, 1.34353258545e-05, 1.96590153791e-05, 1.21218981803e-05, 1.45778731167e-05, 5.47687795915e-06, 1.38808047723e-06],
        "dmean2": [5.365479592e-05, 0.00414416613057, 0.00447000190616, 0.00357692153193, 0.00500407954678, 0.00173273053952, 0.00166223815177, 0.000761124945711, 0.000750714330934, 0.00033960910514, 0.000289672927465, 0.000180520393769, 0.000133867099066, 0.00018047838239, 0.000273321842542, 0.000199060450541, 0.000143253142596, 0.00015187569079, 9.52771661105e-05, 8.00510824774e-05, 4.97516739415e-05, 1.90781120182e-05, 2.63565198111e-05, 1.67095058714e-05, 1.99213081942e-05, 7.23163520888e-06, 1.89915056126e-06],
        "dvar": [1.42276359583e-08, 3.72447539121e-05, 4.55294866697e-05, 2.25152307394e-05, 7.2600938438e-05, 4.26930319009e-06, 4.04295360568e-06, 1.7332514517e-06, 2.05102492146e-06, 7.95605899384e-07, 2.2672519151e-07, 7.53077458171e-08, 6.94168349469e-08, 7.67941443769e-08, 1.19769907769e-07, 5.93149138695e-08, 6.76376075148e-08, 4.45607852839e-08, 2.07823287468e-08, 2.41348114827e-08, 1.85745978598e-08, 5.69596902977e-09, 1.10182885038e-08, 5.21067766712e-09, 1.15635245823e-09, 3.40726474812e-10, 1.23550553469e-11],
        "dvar2": [3.98308550587e-08, 9.59639510256e-05, 0.000113841117127, 6.116253644e-05, 0.000196422013687, 1.0772368114e-05, 1.17055215014e-05, 3.87628369936e-06, 4.82256109535e-06, 1.7893171389e-06, 5.40973474017e-07, 1.47411853391e-07, 1.26819116986e-07, 1.95420710725e-07, 2.54258338828e-07, 1.2257096671e-07, 1.3177303515e-07, 9.88078454611e-08, 4.42885550456e-08, 4.988113389e-08, 3.54737963448e-08, 9.43852285218e-09, 1.74666805464e-08, 7.81597808697e-09, 2.15858020347e-09, 6.11355577274e-10, 2.35515894981e-11],
        "max": [0.0020950473845, 0.109487615526, 0.140255913138, 0.0747452899814, 0.112005196512, 0.0567381940782, 0.0433307476342, 0.0389987491071, 0.0514931306243, 0.0322538129985, 0.0139629831538, 0.0122712561861, 0.00776509568095, 0.00526000838727, 0.00834332220256, 0.00505731534213, 0.00725636724383, 0.00431660749018, 0.00386666855775, 0.00725461356342, 0.00592183787376, 0.0043459055014, 0.00708462763578, 0.00437946571037, 0.0012585617369, 0.000634312687907, 0.000168951330124],
        "mean": [3.01276577375e-05, 0.00743224052712, 0.00737009989098, 0.00399631680921, 0.00534672429785, 0.00289388350211, 0.00204165210016, 0.00146460358519, 0.00125368020963, 0.000487772194901, 0.000422958866693, 0.000305939320242, 0.000203799791052, 0.000192072417121, 0.00040145625826, 0.000294061435852, 0.000234555307543, 0.000249543954851, 0.000140320888022, 0.000114647351438, 6.58031494822e-05, 2.62209450739e-05, 3.32100280502e-05, 2.31290359807e-05, 2.5063596695e-05, 9.81951507129e-06, 1.75765285348e-06],
        "median": [1.97344184016e-06, 0.00504178972915, 0.00294334697537, 0.00185752334073, 0.00298914406449, 0.00152249610983, 0.000877182115801, 0.000605828419793, 0.000285715592327, 0.000129232445033, 0.000147363884025, 9.39077726798e-05, 4.83582734887e-05, 5.34980863449e-05, 0.000134452508064, 0.000130942775286, 6.63208047627e-05, 9.47140069911e-05, 4.6198394557e-05, 4.10330176237e-05, 1.69241047843e-05, 4.69525230073e-06, 3.72196996068e-06, 4.19523394157e-06, 6.03638363827e-06, 1.47623018165e-06, 2.39469954977e-07],
        "min": [1.00282648844e-23, 2.23890084499e-23, 1.35110652706e-23, 1.12377322248e-23, 1.29433346989e-23, 8.60483164528e-23, 5.23913513614e-23, 1.09889043538e-22, 4.90993590732e-23, 8.43670771589e-23, 5.9246148731e-23, 8.17606554845e-23, 1.84673839903e-22, 1.05451782988e-22, 1.01092928901e-22, 9.63790053647e-23, 2.12508727524e-22, 1.82600473631e-22, 2.22731380358e-22, 3.45020547398e-22, 4.52740930266e-22, 6.19375666969e-22, 4.60625954735e-22, 1.04808569787e-21, 1.65445028435e-21, 1.49299577633e-21, 2.80362872179e-21],
        "var": [1.42611558118e-08, 7.00952732586e-05, 0.000118169038615, 3.34998694598e-05, 7.13804693078e-05, 1.40887805173e-05, 1.0169064808e-05, 5.8607365645e-06, 5.80970481678e-06, 2.14469150706e-06, 6.23805533451e-07, 2.85546235546e-07, 2.74851828408e-07, 1.6902818345e-07, 4.11132589306e-07, 1.95343758946e-07, 2.73565262887e-07, 1.6247305723e-07, 6.66197976784e-08, 6.13333526189e-08, 4.80116639778e-08, 2.05413908105e-08, 3.63637049361e-08, 1.53244776868e-08, 3.02410385622e-09, 9.48489620178e-10, 2.46232392115e-11]
    },
    "erbbands": {
        "dmean": [0.0326487347484, 0.728067696095, 3.15064311028, 4.77277851105, 11.6632480621, 8.58123970032, 7.7885632515, 9.17615699768, 13.5345458984, 9.57727146149, 15.4474525452, 12.6042041779, 6.51307678223, 9.4802312851, 4.57586669922, 5.60577917099, 3.96665072441, 6.31479120255, 6.96193599701, 6.68636274338, 5.65645265579, 4.29098320007, 7.10680961609, 2.51719450951, 3.83412003517, 2.41339182854, 1.75970900059, 0.836586594582, 0.472249358892, 0.736491441727, 0.443123400211, 0.306905418634, 0.172148317099, 0.170341283083, 0.0947040319443, 0.0269198995084, 0.00945215206593, 0.00207285280339, 0.000303744862322, 1.85493699973e-05],
        "dmean2": [0.0546224676073, 1.17658531666, 5.06851243973, 7.77896642685, 19.3733634949, 13.7503051758, 12.4224300385, 14.2158317566, 21.9673366547, 15.4137649536, 20.9098548889, 18.305765152, 9.48585414886, 13.4128627777, 6.56401443481, 8.20551872253, 5.76042032242, 9.90276908875, 10.3648853302, 9.7655134201, 8.27884483337, 6.31939077377, 10.4797334671, 3.81494259834, 5.72458839417, 3.6050028801, 2.52727246284, 1.20246517658, 0.679953277111, 1.04379284382, 0.596363306046, 0.425925344229, 0.244164466858, 0.238173156977, 0.129420816898, 0.0358803197742, 0.0126165030524, 0.00277145951986, 0.000418404786615, 2.64897680609e-05],
        "dvar": [0.00843578856438, 2.84982180595, 52.2213630676, 99.7940597534, 1282.39526367, 385.067047119, 261.658874512, 332.813873291, 731.137023926, 447.597595215, 1184.29260254, 1311.43615723, 720.980712891, 684.154174805, 164.139389038, 155.739883423, 122.054618835, 220.395645142, 217.727966309, 147.331390381, 92.7400817871, 108.245140076, 231.950302124, 26.8665657043, 80.9145965576, 54.4128799438, 53.0766983032, 12.6469697952, 6.45256328583, 11.6466703415, 8.72325325012, 5.43071746826, 0.567691862583, 0.175391092896, 0.0563457421958, 0.00853253062814, 0.00120510323904, 3.63820399798e-05, 4.99998463965e-07, 1.24765120457e-09],
        "dvar2": [0.0234346743673, 7.26453447342, 131.624176025, 259.251861572, 3479.26513672, 1070.70214844, 673.051086426, 797.700073242, 2001.55334473, 1193.75097656, 2602.55493164, 3130.64355469, 1668.38830566, 1550.10803223, 342.020568848, 298.20501709, 226.307846069, 549.42565918, 517.920532227, 298.133575439, 196.141296387, 212.15725708, 500.763214111, 58.2960739136, 176.756515503, 108.432632446, 97.4285964966, 22.9161643982, 10.7505140305, 22.5144004822, 12.8589582443, 8.14984989166, 0.949861824512, 0.33106777072, 0.104976631701, 0.01566227898, 0.00225665280595, 6.66667183395e-05, 9.7421116152e-07, 2.68961497518e-09],
        "max": [1.33746647835, 30.4129905701, 133.707519531, 176.848220825, 473.410369873, 337.288452148, 566.263977051, 349.040496826, 501.050109863, 506.290618896, 1155.32788086, 1426.01086426, 1179.74035645, 966.055053711, 358.900512695, 541.456115723, 359.53817749, 274.198150635, 303.226867676, 258.217224121, 182.716552734, 299.061340332, 310.183258057, 174.838607788, 269.49432373, 318.893188477, 419.21005249, 179.589981079, 129.452911377, 191.267211914, 173.800201416, 154.039154053, 37.1933135986, 14.7117681503, 12.46342659, 3.24300003052, 1.56313633919, 0.256081908941, 0.0281535498798, 0.00100425083656],
        "mean": [0.0818869769573, 2.15217804909, 8.41201305389, 10.9834547043, 19.1640167236, 16.0813522339, 16.8234729767, 24.2501602173, 28.4833641052, 22.0182113647, 43.8277206421, 32.0387306213, 14.786195755, 22.809337616, 10.5652761459, 14.6708679199, 9.9469537735, 12.2233896255, 15.3393249512, 17.7427253723, 13.5739269257, 11.5901727676, 18.0539550781, 6.66703939438, 8.53942966461, 5.37409687042, 3.45271158218, 1.65067517757, 0.957754909992, 1.16728973389, 0.817432403564, 0.549904048443, 0.346562594175, 0.303191661835, 0.16051350534, 0.0495333224535, 0.0164714977145, 0.00303453183733, 0.000387586391298, 5.25060240761e-05],
        "median": [0.0563975833356, 1.61024928093, 4.55724668503, 6.2579126358, 9.35691928864, 9.23914241791, 9.52196502686, 10.8896379471, 11.8351564407, 10.9315729141, 20.2290859222, 11.6007146835, 4.43097448349, 9.17872238159, 3.63949608803, 4.42696809769, 2.89882421494, 3.73617315292, 5.19986581802, 7.9850769043, 6.97011232376, 3.93361997604, 5.37095832825, 3.44729542732, 2.76099348068, 2.0183224678, 1.08849942684, 0.375446915627, 0.174704298377, 0.149676412344, 0.103458106518, 0.0735914558172, 0.0758820772171, 0.0785546824336, 0.0343509651721, 0.00833082385361, 0.00238543120213, 0.000424663478043, 6.5711872594e-05, 4.19181415054e-05],
        "min": [7.21568217485e-22, 4.66371295603e-21, 1.31492943789e-20, 3.76190918155e-20, 2.64387958716e-20, 4.71692409543e-20, 3.25643119381e-19, 7.66808266859e-19, 1.04333055803e-18, 1.49131131187e-18, 1.62431812866e-18, 1.41545316283e-18, 2.831420832e-18, 2.2965794964e-18, 1.71319610054e-18, 3.96177244484e-18, 7.92758153106e-18, 6.51952904977e-18, 5.79145708231e-18, 5.0270404531e-18, 6.66984017478e-18, 1.19002553892e-17, 1.16435059717e-17, 1.06448938315e-17, 1.12870697098e-17, 1.26754931952e-17, 2.08413945597e-17, 1.70787898356e-17, 1.88240863341e-17, 2.06088691264e-17, 1.52606071445e-17, 1.766532541e-17, 2.02100274505e-17, 1.4812305031e-17, 1.33428145369e-17, 6.58773422718e-18, 2.74239634575e-18, 1.24132637061e-18, 3.96032286251e-19, 4.14036919184e-20],
        "var": [0.0105191459879, 5.38471317291, 112.522148132, 185.408737183, 1187.56311035, 498.905670166, 597.922424316, 1318.30200195, 1955.36462402, 1182.40820312, 4444.28369141, 3533.71582031, 1829.23937988, 2187.49316406, 532.671203613, 636.909057617, 501.246520996, 563.304138184, 690.326049805, 616.679199219, 327.802062988, 472.694152832, 942.894958496, 89.6282806396, 255.68939209, 144.241928101, 141.063949585, 34.8387489319, 23.5686607361, 34.7237243652, 29.3786354065, 15.8817644119, 1.69535791874, 0.454595029354, 0.149668902159, 0.023559069261, 0.00298364297487, 8.83348911884e-05, 8.96677136097e-07, 2.48975506878e-09]
    },
    "gfcc": {
        "mean": [-49.9510917664, 137.36555481, -100.131439209, 26.4639091492, -37.8746795654, -6.36995124817, -37.347328186, 10.1918554306, -21.7780742645, -2.49599814415, -14.6887140274, -9.14488601685, -6.77675437927],
        "cov": [[18986.6210938, -124.393211365, -1173.59667969, 222.592422485, -1006.36065674, 448.8699646, -561.768554688, 515.964172363, -370.566314697, 286.481384277, -371.253143311, -255.027648926, -402.798034668], [-124.393211365, 2064.00366211, -155.338699341, -64.9209060669, 446.73223877, -295.204345703, 182.127059937, -138.101150513, 98.2462692261, -260.685821533, 96.8661422729, -140.074737549, 165.537811279], [-1173.59667969, -155.338699341, 790.911132812, 102.198829651, 57.8400421143, 213.377822876, 38.8710289001, 30.5465774536, 42.9062995911, 31.9950237274, 10.1925725937, 51.9071311951, -19.1733379364], [222.592422485, -64.9209060669, 102.198829651, 311.188568115, 35.7445869446, -6.23047542572, 20.6797409058, 5.30436611176, 23.3968830109, -1.0097899437, -4.61588907242, 3.37385201454, 16.284198761], [-1006.36065674, 446.73223877, 57.8400421143, 35.7445869446, 355.227600098, -47.6916313171, 92.526512146, -25.4179515839, 56.3728065491, -49.2985610962, 42.1546516418, -10.745057106, 59.5862617493], [448.8699646, -295.204345703, 213.377822876, -6.23047542572, -47.6916313171, 319.733673096, 30.6964321136, 61.4262657166, 8.50347328186, 67.8675765991, -2.39200544357, 30.881193161, -65.8283843994], [-561.768554688, 182.127059937, 38.8710289001, 20.6797409058, 92.526512146, 30.6964321136, 212.992919922, 6.80497264862, 30.216085434, -29.8911018372, 37.6607513428, 7.06796789169, 9.66864013672], [515.964172363, -138.101150513, 30.5465774536, 5.30436611176, -25.4179515839, 61.4262657166, 6.80497264862, 154.999191284, 5.21092033386, 56.0662612915, -3.68347597122, -4.37790441513, -18.4658794403], [-370.566314697, 98.2462692261, 42.9062995911, 23.3968830109, 56.3728065491, 8.50347328186, 30.216085434, 5.21092033386, 123.198822021, 6.3059296608, 11.938586235, -7.77673149109, 6.31548643112], [286.481384277, -260.685821533, 31.9950237274, -1.0097899437, -49.2985610962, 67.8675765991, -29.8911018372, 56.0662612915, 6.3059296608, 131.445541382, 14.7499647141, 17.4565258026, -30.9579353333], [-371.253143311, 96.8661422729, 10.1925725937, -4.61588907242, 42.1546516418, -2.39200544357, 37.6607513428, -3.68347597122, 11.938586235, 14.7499647141, 92.8483276367, 34.9513053894, -0.98842382431], [-255.027648926, -140.074737549, 51.9071311951, 3.37385201454, -10.745057106, 30.881193161, 7.06796789169, -4.37790441513, -7.77673149109, 17.4565258026, 34.9513053894, 100.693145752, -6.75761413574], [-402.798034668, 165.537811279, -19.1733379364, 16.284198761, 59.5862617493, -65.8283843994, 9.66864013672, -18.4658794403, 6.31548643112, -30.9579353333, -0.98842382431, -6.75761413574, 94.8546829224]],
        "icov": [[0.000186318415217, -0.000415240996517, 0.000378360418836, -0.00048504685401, 0.000457447866211, -0.000514410552569, 0.000410548469517, -0.000532895210199, 0.000495276239235, -0.000489480327815, 0.000817403779365, -0.000244664552156, 0.000684024649672], [-0.000415240996517, 0.00216722022742, -0.000833964324556, 0.00148416915908, -0.00182344322093, 0.00148799992166, -0.00115520216059, 0.00135694071651, -0.00155141332652, 0.00274801976047, -0.00349287223071, 0.00229553435929, -0.00228150631301], [0.000378360418836, -0.000833964324556, 0.00250008655712, -0.00149959663395, 0.000560913176741, -0.00227378238924, 0.000977257150225, -0.00105995242484, 0.000660102756228, -0.000834495411254, 0.00177025061566, -0.00113550294191, 0.00120984739624], [-0.00048504685401, 0.00148416915908, -0.00149959663395, 0.00488327210769, -0.00156694534235, 0.00191541633103, -0.00145849050023, 0.00130279443692, -0.00185228907503, 0.00156636594329, -0.00208895653486, 0.000999937416054, -0.00239141029306], [0.000457447866211, -0.00182344322093, 0.000560913176741, -0.00156694534235, 0.00570877408609, -0.00118651415687, 6.39543868601e-05, -0.00124266638886, 0.000301904423395, -0.00144613708835, 0.00142763811164, -0.000900968967471, 0.000307728128973], [-0.000514410552569, 0.00148799992166, -0.00227378238924, 0.00191541633103, -0.00118651415687, 0.00675360905007, -0.00240176310763, 0.000662381993607, -0.00153777142987, 0.000178359492566, -0.00147718284279, 0.000264519185293, 0.000400427146815], [0.000410548469517, -0.00115520216059, 0.000977257150225, -0.00145849050023, 6.39543868601e-05, -0.00240176310763, 0.00717428419739, -0.00204325839877, 0.000414006586652, 0.000812970567495, -0.000288854469545, -0.000775744323619, 0.00155079120304], [-0.000532895210199, 0.00135694071651, -0.00105995242484, 0.00130279443692, -0.00124266638886, 0.000662381993607, -0.00204325839877, 0.00966573599726, -0.0014454992488, -0.00175002263859, -0.00187165034004, 0.00196960754693, -0.00209276843816], [0.000495276239235, -0.00155141332652, 0.000660102756228, -0.00185228907503, 0.000301904423395, -0.00153777142987, 0.000414006586652, -0.0014454992488, 0.0107313254848, -0.00299225654453, 0.00216386956163, -3.87077125197e-05, 0.00201033032499], [-0.000489480327815, 0.00274801976047, -0.000834495411254, 0.00156636594329, -0.00144613708835, 0.000178359492566, 0.000812970567495, -0.00175002263859, -0.00299225654453, 0.0149336345494, -0.00722597399727, 0.00220281491056, -0.00154846825171], [0.000817403779365, -0.00349287223071, 0.00177025061566, -0.00208895653486, 0.00142763811164, -0.00147718284279, -0.000288854469545, -0.00187165034004, 0.00216386956163, -0.00722597399727, 0.0208934191614, -0.00857507437468, 0.00513069052249], [-0.000244664552156, 0.00229553435929, -0.00113550294191, 0.000999937416054, -0.000900968967471, 0.000264519185293, -0.000775744323619, 0.00196960754693, -3.87077125197e-05, 0.00220281491056, -0.00857507437468, 0.0154431797564, -0.00250183977187], [0.000684024649672, -0.00228150631301, 0.00120984739624, -0.00239141029306, 0.000307728128973, 0.000400427146815, 0.00155079120304, -0.00209276843816, 0.00201033032499, -0.00154846825171, 0.00513069052249, -0.00250183977187, 0.0168389566243]]
    },
    "melbands": {
        "dmean": [0.000487936078571, 0.00142555858474, 0.0010282213334, 0.000769153819419, 0.000254859944107, 0.00020447310817, 0.000215732274228, 9.43002960412e-05, 0.000129625303089, 7.79283946031e-05, 3.19147293339e-05, 3.90659406548e-05, 1.9190572857e-05, 1.42284789035e-05, 1.04440441646e-05, 1.02167514342e-05, 1.33073917823e-05, 9.25465610635e-06, 1.63186141435e-05, 1.12771303975e-05, 5.2065647651e-06, 4.24390373155e-06, 7.61392311688e-06, 4.67602103527e-06, 2.00900444725e-06, 3.10149403049e-06, 2.46159947892e-06, 1.48739673023e-06, 1.14005729301e-06, 9.98989435175e-07, 3.78417809088e-07, 2.66592422804e-07, 3.10988326646e-07, 4.86752071538e-07, 2.61035665972e-07, 2.2229458807e-07, 1.80891746027e-07, 1.19329513382e-07, 1.31250899926e-07, 1.70204486949e-07],
        "dmean2": [0.000802318390924, 0.00228774617426, 0.00166853633709, 0.00126297643874, 0.000408543332014, 0.000317459052894, 0.00035336628207, 0.000150093706907, 0.000177560810698, 0.000114197500807, 4.70746235806e-05, 5.54477628611e-05, 2.80366421066e-05, 2.05921514862e-05, 1.52772227011e-05, 1.48146500578e-05, 2.12142422242e-05, 1.41555201481e-05, 2.35931693169e-05, 1.64032499015e-05, 7.74718591856e-06, 6.46408852845e-06, 1.10842829599e-05, 6.96243023413e-06, 3.13231248583e-06, 4.66285882794e-06, 3.73392458641e-06, 2.23821029977e-06, 1.63117454122e-06, 1.5260740156e-06, 5.3904568631e-07, 3.98504596433e-07, 4.48479369197e-07, 7.00193652392e-07, 3.70370798919e-07, 2.97138740279e-07, 2.63304542614e-07, 1.72141469079e-07, 1.92331398807e-07, 2.41532376322e-07],
        "dvar": [1.45774708926e-06, 9.74020895228e-06, 5.20524190506e-06, 4.70773102279e-06, 2.46876197707e-07, 1.55206194563e-07, 1.79315577498e-07, 4.4878234462e-08, 8.35583762182e-08, 5.36959205988e-08, 1.829371854e-08, 1.29767858681e-08, 2.62303134768e-09, 1.14147169494e-09, 6.19491347109e-10, 8.26545831778e-10, 1.07692466056e-09, 4.87241746949e-10, 9.92117277221e-10, 4.08356765069e-10, 8.21197554401e-11, 7.9729257918e-11, 3.77156889053e-10, 9.63066085213e-11, 2.00863041477e-11, 5.67539591712e-11, 3.30577787366e-11, 2.78642907359e-11, 2.85777738279e-11, 1.35272106017e-11, 3.54415780578e-12, 2.039202791e-12, 3.56608666208e-12, 4.61079438518e-12, 3.34250986264e-12, 3.32387763147e-12, 1.69647173913e-12, 2.93862644721e-13, 2.35173724028e-13, 1.44178004496e-13],
        "dvar2": [3.84310760637e-06, 2.4202887289e-05, 1.37741471917e-05, 1.28614037749e-05, 6.38520020857e-07, 3.76663507495e-07, 5.09508481628e-07, 1.18012827954e-07, 1.8582751693e-07, 1.29166735974e-07, 4.23408295092e-08, 2.93806667884e-08, 6.00800476036e-09, 2.32756858232e-09, 1.22642440648e-09, 1.5094369088e-09, 2.75187916898e-09, 1.17340748229e-09, 1.92079419037e-09, 8.42804159795e-10, 1.88654508682e-10, 1.75466113861e-10, 7.30729865506e-10, 2.08573089355e-10, 4.61300823928e-11, 1.24080259956e-10, 7.20659920628e-11, 5.59762305952e-11, 5.33475694176e-11, 2.93956317621e-11, 6.92701495122e-12, 3.70740981318e-12, 7.35073200225e-12, 9.64087316924e-12, 5.39227299964e-12, 4.88597096809e-12, 2.65364271355e-12, 5.10946536816e-13, 4.71093704411e-13, 2.87154984036e-13],
        "max": [0.0205489061773, 0.0507871620357, 0.0310360249132, 0.0288161132485, 0.0160924363881, 0.00689543318003, 0.0078602572903, 0.00502596329898, 0.0095683997497, 0.00974098220468, 0.00598196173087, 0.00409594643861, 0.00163952156436, 0.00173076742794, 0.000790862133726, 0.000872561417054, 0.000624752370641, 0.000459901755676, 0.00074039894389, 0.000431458145613, 0.000195060129045, 0.000239266344579, 0.000510158832185, 0.000189703074284, 0.000164711978869, 0.000216970875044, 0.000128004496219, 0.000238583859755, 0.000350084883394, 0.000156630645506, 9.0173962235e-05, 6.6044376581e-05, 9.7333737358e-05, 0.000119439238915, 8.97322970559e-05, 0.000120278738905, 7.96138774604e-05, 2.74785998045e-05, 2.16953012568e-05, 9.83064728644e-06],
        "mean": [0.00141712382901, 0.0040321550332, 0.00224453653209, 0.00131426844746, 0.000575748446863, 0.000544263981283, 0.000456388283055, 0.000224970062845, 0.000354534364305, 0.000188978228834, 6.7797198426e-05, 9.1061614512e-05, 4.07523402828e-05, 3.40343649441e-05, 2.74281937891e-05, 2.19147677853e-05, 2.29426841543e-05, 1.82634958037e-05, 3.3675787563e-05, 2.47372990998e-05, 1.20183085528e-05, 1.01975638245e-05, 1.90418686543e-05, 1.12332281788e-05, 4.47365800937e-06, 6.36932054476e-06, 5.43758915228e-06, 3.02379362438e-06, 2.06348863685e-06, 1.84525947589e-06, 6.63015043756e-07, 5.13213706199e-07, 5.3570494174e-07, 7.07656170107e-07, 4.6831689815e-07, 3.88626204995e-07, 3.1545840784e-07, 2.25869527526e-07, 2.52886479757e-07, 2.71143619557e-07],
        "median": [0.00100522930734, 0.00287187634967, 0.001461280277, 0.000733755354304, 0.000364261068171, 0.000244603899773, 0.000197703528102, 0.000118395699246, 0.000160686846357, 4.84267002321e-05, 1.80018560059e-05, 3.51304770447e-05, 1.3305036191e-05, 9.85496990324e-06, 8.05289073469e-06, 5.22964955962e-06, 6.1970013121e-06, 4.75576143799e-06, 1.13631822387e-05, 1.09902293843e-05, 6.13562406215e-06, 3.40701740242e-06, 4.2035039769e-06, 4.36298842033e-06, 2.03418790079e-06, 1.78465359113e-06, 1.83940778697e-06, 9.86626332633e-07, 5.9532794694e-07, 3.69541396594e-07, 1.22147682191e-07, 8.45438421493e-08, 9.2652243211e-08, 7.03576787942e-08, 6.16999429326e-08, 3.71844244285e-08, 4.47125536596e-08, 4.68133016795e-08, 5.86518886792e-08, 6.42437854026e-08],
        "min": [7.1081542488e-24, 7.18961123701e-24, 5.77345681742e-24, 2.14259907226e-24, 8.57191721287e-24, 1.77032440926e-23, 1.41075387783e-23, 1.91695014349e-23, 1.22601835215e-23, 8.71523351782e-24, 1.3726927591e-23, 8.51164745085e-24, 6.84195313633e-24, 8.23737550246e-24, 1.2168616492e-23, 1.97604387167e-23, 1.04907448453e-23, 9.48478389695e-24, 7.93038870347e-24, 4.19939571601e-24, 9.3424520904e-24, 1.42881121949e-23, 7.60191017798e-24, 1.13017774751e-23, 8.28173551774e-24, 8.74144578798e-24, 7.17221843177e-24, 9.1543773954e-24, 1.5601134884e-23, 1.03010072315e-23, 9.21837294748e-24, 9.21666506362e-24, 1.34263179436e-23, 9.99861081415e-24, 7.89387075445e-24, 1.07687402172e-23, 9.77621514775e-24, 1.61157814277e-23, 1.13762751324e-23, 1.22763322931e-23],
        "var": [2.51555479736e-06, 1.90872106032e-05, 7.29373232389e-06, 4.44075703854e-06, 5.79199195272e-07, 6.04577849117e-07, 4.67905124424e-07, 1.1588955573e-07, 2.95355278013e-07, 1.44363241361e-07, 4.57143087829e-08, 3.94795947045e-08, 7.17856618593e-09, 3.8013876491e-09, 2.67902477979e-09, 3.2012787976e-09, 2.43992270832e-09, 1.37717326432e-09, 3.25942495216e-09, 1.39413469658e-09, 2.50134885027e-10, 3.13501752336e-10, 1.59456015059e-09, 3.25004745338e-10, 5.47108539029e-11, 1.68015337754e-10, 9.40405947558e-11, 6.69473712578e-11, 7.18221176976e-11, 2.97630288471e-11, 8.78731636067e-12, 6.82832132851e-12, 9.96149950722e-12, 1.20088912772e-11, 1.01652124218e-11, 1.00981592879e-11, 4.67488808081e-12, 8.33168278293e-13, 5.77119732212e-13, 3.15767323313e-13]
    },
    "mfcc": {
        "mean": [-694.837158203, 169.426879883, 2.32362985611, 35.3647537231, 17.0302238464, -7.99728822708, 1.42130935192, -1.54221940041, 2.72763824463, 2.08706736565, -3.49839162827, -4.99828290939, 3.58457064629],
        "cov": [[10320.0273438, -271.483154297, -480.750183105, -105.241188049, -356.389251709, -194.905105591, 55.7173538208, -136.062194824, 59.7687759399, 130.47303772, 231.421661377, 180.442306519, -135.316238403], [-271.483154297, 1756.90368652, -184.531463623, 136.483703613, 179.492538452, -63.3499679565, 91.9463653564, 88.1836853027, 43.8470191956, -4.18694543839, -37.3152275085, -82.5127868652, 29.311542511], [-480.750183105, -184.531463623, 601.583618164, 4.01203536987, 73.2075958252, 144.6668396, 17.6232852936, 46.0742073059, 35.183052063, 17.1764736176, 34.8945960999, 31.9764022827, -14.0893507004], [-105.241188049, 136.483703613, 4.01203536987, 327.252716064, 73.195854187, -10.1357507706, 9.21431827545, 21.1483726501, 32.20885849, 2.95945096016, -34.310382843, -18.1234264374, 17.5701198578], [-356.389251709, 179.492538452, 73.2075958252, 73.195854187, 237.998565674, 34.9151039124, 13.961648941, 19.0790958405, 25.8643512726, 28.2381401062, -15.0447883606, -16.2068214417, 39.7665748596], [-194.905105591, -63.3499679565, 144.6668396, -10.1357507706, 34.9151039124, 216.247344971, 37.8816375732, 58.5760498047, 8.24031162262, 9.39977931976, 29.7801742554, 18.6442928314, 20.4634571075], [55.7173538208, 91.9463653564, 17.6232852936, 9.21431827545, 13.961648941, 37.8816375732, 169.939468384, 49.4457435608, 25.2809772491, 5.59584903717, 18.1242904663, 48.084197998, -16.8239936829], [-136.062194824, 88.1836853027, 46.0742073059, 21.1483726501, 19.0790958405, 58.5760498047, 49.4457435608, 134.228134155, 22.2291622162, -3.27906131744, 19.5503997803, 22.7160682678, 13.390458107], [59.7687759399, 43.8470191956, 35.183052063, 32.20885849, 25.8643512726, 8.24031162262, 25.2809772491, 22.2291622162, 118.667564392, 34.1271362305, 15.7210979462, -1.79977846146, -14.0925149918], [130.47303772, -4.18694543839, 17.1764736176, 2.95945096016, 28.2381401062, 9.39977931976, 5.59584903717, -3.27906131744, 34.1271362305, 128.764434814, 27.7775936127, -16.8715991974, 17.8222541809], [231.421661377, -37.3152275085, 34.8945960999, -34.310382843, -15.0447883606, 29.7801742554, 18.1242904663, 19.5503997803, 15.7210979462, 27.7775936127, 133.209854126, 49.3673362732, -8.5406999588], [180.442306519, -82.5127868652, 31.9764022827, -18.1234264374, -16.2068214417, 18.6442928314, 48.084197998, 22.7160682678, -1.79977846146, -16.8715991974, 49.3673362732, 127.672775269, -4.82549858093], [-135.316238403, 29.311542511, -14.0893507004, 17.5701198578, 39.7665748596, 20.4634571075, -16.8239936829, 13.390458107, -14.0925149918, 17.8222541809, -8.5406999588, -4.82549858093, 128.685974121]],
