{
"lowlevel": {
    "average_loudness": 0.797537088394,
    "barkbands_crest": {
        "dmean": 1.95702886581,
        "dmean2": 2.92817282677,
        "dvar": 4.75860452652,
        "dvar2": 10.5204925537,
        "max": 26.6663036346,
        "mean": 13.361869812,
        "median": 13.1592922211,
        "min": 1.99185442924,
        "var": 19.0353736877
    },
    "barkbands_flatness_db": {
        "dmean": 0.0227122772485,
        "dmean2": 0.032136708498,
        "dvar": 0.000763244403061,
        "dvar2": 0.00141466339119,
        "max": 0.653524816036,
        "mean": 0.209700092673,
        "median": 0.190438970923,
        "min": 0.0159111879766,
        "var": 0.00818515941501
    },
    "barkbands_kurtosis": {
        "dmean": 7.6256518364,
        "dmean2": 11.6728887558,
        "dvar": 1018.3706665,
        "dvar2": 2439.32519531,
        "max": 1568.26525879,
        "mean": 13.1875247955,
        "median": 5.90531635284,
        "min": -1.90568709373,
        "var": 1288.1640625
    },
    "barkbands_skewness": {
        "dmean": 0.695418655872,
        "dmean2": 1.03333568573,
        "dvar": 1.11706280708,
        "dvar2": 2.33894872665,
        "max": 32.2703781128,
        "mean": 2.59686374664,
        "median": 2.2673971653,
        "min": -5.65271377563,
        "var": 3.80019760132
    },
    "barkbands_spread": {
        "dmean": 4.74755001068,
        "dmean2": 7.34671640396,
        "dvar": 98.8887557983,
        "dvar2": 240.864608765,
        "max": 123.040908813,
        "mean": 14.1791543961,
        "median": 11.6726999283,
        "min": 0.113550156355,
        "var": 157.103393555
    },
    "dissonance": {
        "dmean": 0.0233397353441,
        "dmean2": 0.0394588597119,
        "dvar": 0.000531304161996,
        "dvar2": 0.00148139637895,
        "max": 0.5,
        "mean": 0.452762275934,
        "median": 0.459790825844,
        "min": 0.231950610876,
        "var": 0.00110341096297
    },
    "dynamic_complexity": 3.98147988319,
    "erbbands_crest": {
        "dmean": 2.52780151367,
        "dmean2": 4.0619893074,
        "dvar": 5.7389292717,
        "dvar2": 14.1834726334,
        "max": 29.8777236938,
        "mean": 9.59621429443,
        "median": 8.47880077362,
        "min": 2.55137825012,
        "var": 18.4019622803
    },
    "erbbands_flatness_db": {
        "dmean": 0.0172358956188,
        "dmean2": 0.0257257651538,
        "dvar": 0.000363963335985,
        "dvar2": 0.000724020181224,
        "max": 0.445670187473,
        "mean": 0.175357654691,
        "median": 0.158727318048,
        "min": 0.0424360744655,
        "var": 0.00401309784502
    },
    "erbbands_kurtosis": {
        "dmean": 1.06083536148,
        "dmean2": 1.71022033691,
        "dvar": 3.12663245201,
        "dvar2": 8.01859760284,
        "max": 54.0598182678,
        "mean": 0.883416831493,
        "median": 0.167926073074,
        "min": -1.85393917561,
        "var": 8.16035652161
    },
    "erbbands_skewness": {
        "dmean": 0.386478245258,
        "dmean2": 0.600259482861,
        "dvar": 0.169506654143,
        "dvar2": 0.410657525063,
        "max": 5.2464466095,
        "mean": 0.399560570717,
        "median": 0.398857504129,
        "min": -5.39304542542,
        "var": 0.639953076839
    },
    "erbbands_spread": {
        "dmean": 8.17991638184,
        "dmean2": 12.7591867447,
        "dvar": 134.838500977,
        "dvar2": 319.585021973,
        "max": 184.115692139,
        "mean": 35.7486495972,
        "median": 33.0194129944,
        "min": 1.98130524158,
        "var": 362.163360596
    },
    "hfc": {
        "dmean": 10.7417011261,
        "dmean2": 17.7096824646,
        "dvar": 1445.83642578,
        "dvar2": 3937.78833008,
        "max": 686.111083984,
        "mean": 20.6559619904,
        "median": 13.1897125244,
        "min": 1.16154316271e-16,
        "var": 1144.86694336
    },
    "melbands_crest": {
        "dmean": 2.47210407257,
        "dmean2": 3.73830890656,
        "dvar": 9.25236701965,
        "dvar2": 21.5390758514,
        "max": 38.7666511536,
        "mean": 22.0470333099,
        "median": 21.5980587006,
        "min": 2.21457052231,
        "var": 61.376209259
    },
    "melbands_flatness_db": {
        "dmean": 0.0260729137808,
        "dmean2": 0.0364222303033,
        "dvar": 0.00107507966459,
        "dvar2": 0.00195491383784,
        "max": 0.818778693676,
        "mean": 0.29339325428,
        "median": 0.270653784275,
        "min": 0.00648369174451,
        "var": 0.0120155010372
    },
    "melbands_kurtosis": {
        "dmean": 14.0319757462,
        "dmean2": 22.0790271759,
        "dvar": 1342.13928223,
        "dvar2": 3332.74291992,
        "max": 897.957336426,
        "mean": 28.8279781342,
        "median": 15.3403072357,
        "min": -1.84362947941,
        "var": 2323.38793945
    },
    "melbands_skewness": {
        "dmean": 0.88886910677,
        "dmean2": 1.34115064144,
        "dvar": 1.46227169037,
        "dvar2": 3.28208589554,
        "max": 24.7026519775,
        "mean": 3.81530213356,
        "median": 3.39472651482,
        "min": -3.59606218338,
        "var": 5.62902545929
    },
    "melbands_spread": {
        "dmean": 4.09502840042,
        "dmean2": 6.26361274719,
        "dvar": 57.0935173035,
        "dvar2": 129.489685059,
        "max": 140.849533081,
        "mean": 12.9304666519,
        "median": 9.9073381424,
        "min": 0.176679581404,
        "var": 166.21156311
    },
    "pitch_salience": {
        "dmean": 0.0618097409606,
        "dmean2": 0.0951618403196,
        "dvar": 0.0056098154746,
        "dvar2": 0.0127497520298,
        "max": 0.912610650063,
        "mean": 0.402120321989,
        "median": 0.408314168453,
        "min": 0.0349235609174,
        "var": 0.0230865608901
    },
    "silence_rate_20dB": {
        "dmean": 0.0118705974892,
        "dmean2": 0.0237427428365,
        "dvar": 0.0117267500609,
        "dvar2": 0.0300831496716,
        "max": 1,
        "mean": 0.990217149258,
        "median": 1,
        "min": 0,
        "var": 0.00968544557691
    },
    "silence_rate_30dB": {
        "dmean": 0.041612315923,
        "dmean2": 0.0832300558686,
        "dvar": 0.0398747995496,
        "dvar2": 0.086616396904,
        "max": 1,
        "mean": 0.887497544289,
        "median": 1,
        "min": 0,
        "var": 0.0998640060425
    },
    "silence_rate_60dB": {
        "dmean": 0.00730498321354,
        "dmean2": 0.0146109191701,
        "dvar": 0.00725166127086,
        "dvar2": 0.0167457778007,
        "max": 1,
        "mean": 0.0627404972911,
        "median": 0,
        "min": 0,
        "var": 0.0587948523462
    },
    "spectral_centroid": {
        "dmean": 204.025222778,
        "dmean2": 312.503753662,
        "dvar": 122335.601562,
        "dvar2": 271870.59375,
        "max": 11380.4814453,
        "mean": 978.205810547,
        "median": 846.986083984,
        "min": 96.1179428101,
        "var": 382265.4375
    },
    "spectral_complexity": {
        "dmean": 2.70597434044,
        "dmean2": 4.25112533569,
        "dvar": 13.2485294342,
        "dvar2": 25.6144657135,
        "max": 61,
        "mean": 14.9763259888,
        "median": 15,
        "min": 0,
        "var": 62.3961486816
    },
    "spectral_decrease": {
        "dmean": 4.00384037036e-09,
        "dmean2": 5.99168270554e-09,
        "dvar": 1.30774634336e-16,
        "dvar2": 2.88925347058e-16,
        "max": 1.74120100339e-28,
        "mean": -1.51002534921e-08,
        "median": -1.19216929662e-08,
        "min": -1.70939543409e-07,
        "var": 2.68856966016e-16
    },
    "spectral_energy": {
        "dmean": 0.0158350504935,
        "dmean2": 0.0238649751991,
        "dvar": 0.00195871689357,
        "dvar2": 0.004359183833,
        "max": 0.652171730995,
        "mean": 0.0588654577732,
        "median": 0.0466733537614,
        "min": 1.04332072557e-20,
        "var": 0.00398269249126
    },
    "spectral_energyband_high": {
        "dmean": 0.000721797114238,
        "dmean2": 0.00123853283003,
        "dvar": 1.07019332063e-05,
        "dvar2": 2.93258472084e-05,
        "max": 0.0559354498982,
        "mean": 0.00076926802285,
        "median": 0.000164688011864,
        "min": 7.39422323337e-21,
        "var": 7.46943442209e-06
    },
    "spectral_energyband_low": {
        "dmean": 0.0117743043229,
        "dmean2": 0.0171020571142,
        "dvar": 0.00166543666273,
        "dvar2": 0.0037580775097,
        "max": 0.617477416992,
        "mean": 0.041585996747,
        "median": 0.0295180119574,
        "min": 3.43200910347e-23,
        "var": 0.00322383129969
    },
    "spectral_energyband_middle_high": {
        "dmean": 0.00211143912748,
        "dmean2": 0.00328431953676,
        "dvar": 5.06776814291e-05,
        "dvar2": 0.000131169625092,
        "max": 0.166387110949,
        "mean": 0.00452261697501,
        "median": 0.00270985555835,
        "min": 1.43488896362e-21,
        "var": 5.30326469743e-05
    },
    "spectral_energyband_middle_low": {
        "dmean": 0.00635818438604,
        "dmean2": 0.0107481312007,
        "dvar": 0.000508877972607,
        "dvar2": 0.00145114050247,
        "max": 0.335202753544,
        "mean": 0.0127692269161,
        "median": 0.00840142928064,
        "min": 2.78285262466e-22,
        "var": 0.000362386723282
    },
    "spectral_entropy": {
        "dmean": 0.180625036359,
        "dmean2": 0.266306847334,
        "dvar": 0.0559290833771,
        "dvar2": 0.111357986927,
        "max": 9.81632995605,
        "mean": 7.27079057693,
        "median": 7.34347581863,
        "min": 4.98774719238,
        "var": 0.295051336288
    },
    "spectral_flux": {
        "dmean": 0.0296303834766,
        "dmean2": 0.0464666187763,
        "dvar": 0.00323408842087,
        "dvar2": 0.00561426673084,
        "max": 0.75185251236,
        "mean": 0.0821951329708,
        "median": 0.061408251524,
        "min": 6.50219114662e-11,
        "var": 0.00756569579244
    },
    "spectral_kurtosis": {
        "dmean": 4.11152887344,
        "dmean2": 6.82490968704,
        "dvar": 106.745635986,
        "dvar2": 289.106506348,
        "max": 256.7527771,
        "mean": 10.3109207153,
        "median": 5.11190032959,
        "min": -1.21985113621,
        "var": 409.68460083
    },
    "spectral_rms": {
        "dmean": 0.000823159643915,
        "dmean2": 0.00118894095067,
        "dvar": 2.62971866505e-06,
        "dvar2": 5.26494068254e-06,
        "max": 0.0252242963761,
        "mean": 0.006783277262,
        "median": 0.00674796104431,
        "min": 3.19041342824e-12,
        "var": 1.14166195999e-05
    },
    "spectral_rolloff": {
        "dmean": 342.998474121,
        "dmean2": 600.18762207,
        "dvar": 1264724.5,
        "dvar2": 3359019.25,
        "max": 19573.6816406,
        "mean": 747.306396484,
        "median": 473.73046875,
        "min": 43.06640625,
        "var": 1372391.75
    },
    "spectral_skewness": {
        "dmean": 0.372434824705,
        "dmean2": 0.602824866772,
        "dvar": 0.36636313796,
        "dvar2": 0.981596827507,
        "max": 11.8834342957,
        "mean": 2.08748102188,
        "median": 1.83832216263,
        "min": -0.0254431180656,
        "var": 1.37917411327
    },
    "spectral_spread": {
        "dmean": 691715.375,
        "dmean2": 1038181,
        "dvar": 1.57213340467e+12,
        "dvar2": 3.1181921321e+12,
        "max": 41587472,
        "mean": 4343978.5,
        "median": 4230407.5,
        "min": 259787.828125,
        "var": 4.67644868198e+12
    },
    "spectral_strongpeak": {
        "dmean": 0.206421643496,
        "dmean2": 0.344710767269,
        "dvar": 0.199782684445,
        "dvar2": 0.482691556215,
        "max": 8.7778711319,
        "mean": 0.59449249506,
        "median": 0.41454526782,
        "min": 0,
        "var": 0.351915895939
    },
    "zerocrossingrate": {
        "dmean": 0.00762972887605,
        "dmean2": 0.0096558406949,
        "dvar": 0.000163608623552,
        "dvar2": 0.000244639610173,
        "max": 0.517578125,
        "mean": 0.0342858918011,
        "median": 0.02880859375,
        "min": 0.00146484375,
        "var": 0.000861828564666
    },
    "barkbands": {
        "dmean": [0.00114398112055, 0.00826444663107, 0.00491786934435, 0.00198930921033, 0.00252294517122, 0.00117123499513, 0.000823560811114, 0.000626538589131, 0.000919184938539, 0.000483752315631, 0.000536156643648, 0.000394385628169, 0.000406442326494, 0.000393641210394, 0.000257141684415, 0.000237526197452, 0.000126761908177, 0.000182929841685, 0.000118984055007, 8.57010818436e-05, 9.61432961049e-05, 0.000104784943687, 0.000129327658215, 0.000122850295156, 0.000164904151461, 0.000108550812001, 1.65931724041e-05],
        "dmean2": [0.00172708020546, 0.0113797392696, 0.00816666521132, 0.00363980047405, 0.00429388787597, 0.00195388984866, 0.00130514416378, 0.000963729689829, 0.00136549561284, 0.000758231151849, 0.000835021375678, 0.000640370417386, 0.000639131176285, 0.000644563639071, 0.000419400428655, 0.000401665602112, 0.000205414195079, 0.000292758864816, 0.000188523408724, 0.000138541261549, 0.000157689850312, 0.000179709604708, 0.000222871167352, 0.000207865887205, 0.000291973876301, 0.000197687564651, 2.97294518532e-05],
        "dvar": [1.10502423922e-05, 0.000841070781462, 0.000740626070183, 0.000179948896402, 6.80135490256e-05, 1.22658821056e-05, 2.39510927713e-06, 2.11475366996e-06, 5.95036226514e-06, 1.604798058e-06, 1.65348387782e-06, 2.61483864961e-06, 1.04211346752e-06, 1.36080336688e-06, 8.94367644833e-07, 1.89824834251e-06, 2.57285421412e-07, 3.16226646646e-07, 1.6822978921e-07, 1.25410693386e-07, 1.8063857965e-07, 2.34658699583e-07, 3.20435475487e-07, 2.14228975892e-07, 5.91861123667e-07, 3.66156541531e-07, 8.83627393478e-09],
        "dvar2": [2.7975467674e-05, 0.00174732902087, 0.00203358125873, 0.00052930979291, 0.000192332998267, 3.30575239786e-05, 6.08644995737e-06, 4.79607570014e-06, 1.31627284645e-05, 3.83421365768e-06, 4.00681392421e-06, 6.96420102031e-06, 2.45422438638e-06, 3.561026233e-06, 2.28901672017e-06, 5.24882852915e-06, 6.51811092212e-07, 8.35413516143e-07, 4.29957736969e-07, 3.06432497155e-07, 4.55482080497e-07, 6.38550545773e-07, 8.71090662713e-07, 5.87298131904e-07, 1.65060805557e-06, 1.03311197108e-06, 2.45066296145e-08],
        "max": [0.0918199494481, 0.495276153088, 0.399014770985, 0.235888183117, 0.132055968046, 0.107057921588, 0.0297038387507, 0.0476866923273, 0.0642252117395, 0.0310480836779, 0.0551465675235, 0.0582305826247, 0.0251016225666, 0.0269201379269, 0.0216208994389, 0.033493436873, 0.0139122800902, 0.01209397614, 0.00844696257263, 0.00653533637524, 0.00783938542008, 0.00962009839714, 0.00925458595157, 0.00786696281284, 0.0117747345939, 0.00747041543946, 0.00117848673835],
        "mean": [0.00563998799771, 0.026876848191, 0.00847214274108, 0.0018908882048, 0.004147649277, 0.00201115570962, 0.00158074835781, 0.0010094398167, 0.0017383917002, 0.000828374759294, 0.00087225693278, 0.000533658429049, 0.000576729944441, 0.000531822966877, 0.000328218942741, 0.000275018333923, 0.000192394189071, 0.000312064716127, 0.000199844187591, 0.000120374257676, 0.000120071992569, 0.000104089056549, 0.000127532839542, 0.000148431834532, 0.000140795513289, 7.51328188926e-05, 1.12492443805e-05],
        "median": [0.000219020585064, 0.0157455801964, 0.00102577765938, 0.000350605521817, 0.000937943928875, 0.00056791928364, 0.000764287193306, 0.000348544388544, 0.000432259636, 0.000249488191912, 0.00029294777778, 0.000154746681801, 0.000179012567969, 0.000173952154, 8.5692605353e-05, 7.30973115424e-05, 5.43861860933e-05, 9.52929331106e-05, 6.81086530676e-05, 3.50134796463e-05, 2.5532903237e-05, 1.48279386849e-05, 1.83224256034e-05, 2.63806105067e-05, 1.53875735123e-05, 4.264468771e-06, 2.44886763312e-07],
        "min": [4.51218813683e-24, 9.08366469272e-24, 3.40223954394e-24, 5.37488642278e-24, 2.05754203842e-23, 2.52595123564e-23, 2.4908024336e-23, 1.26843224759e-23, 2.33808527323e-23, 2.23312669871e-23, 2.69469363197e-23, 8.45150863974e-23, 2.29401855644e-23, 5.97379751064e-23, 3.42061006339e-23, 8.57031992731e-23, 8.48570355117e-23, 1.46344300209e-22, 1.9393164643e-22, 2.34339601107e-22, 3.70210882964e-22, 4.20062499796e-22, 5.1306392462e-22, 6.9355676386e-22, 1.01673209934e-21, 1.48056413625e-21, 2.1388012876e-21],
        "var": [9.8024662293e-05, 0.00185210152995, 0.000555422157049, 9.88343017525e-05, 6.23915620963e-05, 1.61602383741e-05, 5.209414212e-06, 3.73919328922e-06, 1.45321646414e-05, 3.49462266058e-06, 3.04947411678e-06, 2.38011034526e-06, 1.50938376464e-06, 1.46793865952e-06, 8.84447729277e-07, 1.31156991756e-06, 3.09183150193e-07, 4.1585903432e-07, 1.81235648711e-07, 1.21219272842e-07, 1.65872677371e-07, 1.7022961174e-07, 2.28164466876e-07, 1.71791342041e-07, 3.79468474421e-07, 2.18239364358e-07, 5.54389378848e-09]
    },
    "erbbands": {
        "dmean": [0.309657514095, 1.71988546848, 5.38627433777, 6.34026575089, 7.13284111023, 9.22282409668, 9.03896903992, 9.83486461639, 11.8862218857, 12.4773521423, 13.2827472687, 21.6029319763, 16.1732273102, 14.5243434906, 21.2383422852, 14.9522342682, 17.1172447205, 19.9124011993, 14.113820076, 13.8234233856, 10.1591920853, 7.26280212402, 9.82416915894, 7.82210493088, 5.54510545731, 3.79997062683, 3.46532964706, 3.91934919357, 3.84429454803, 4.73257350922, 3.10682487488, 2.764346838, 1.9153856039, 1.71683633327, 1.20774662495, 0.660019755363, 0.154996931553, 0.0286712162197, 0.00287546869367, 0.000102397301816],
        "dmean2": [0.395014584064, 2.39846110344, 8.44980335236, 11.2749471664, 12.5440654755, 15.4825239182, 14.9486265182, 16.3079833984, 19.3503112793, 19.2097549438, 20.3273715973, 31.7809867859, 24.6537666321, 22.7138690948, 33.8835411072, 23.8402557373, 26.7854862213, 32.0005607605, 22.7478084564, 23.2160568237, 16.5868759155, 11.6604471207, 15.7284822464, 12.5023012161, 8.755651474, 6.16923427582, 5.64016532898, 6.48346853256, 6.5936217308, 8.22850036621, 5.30846309662, 4.79834651947, 3.17352724075, 3.00454711914, 2.15337824821, 1.20101237297, 0.281704872847, 0.0519684143364, 0.00513217877597, 0.000175186403794],
        "dvar": [1.25198042393, 44.9179916382, 721.875732422, 1705.87109375, 1185.70153809, 720.170288086, 696.885498047, 884.225097656, 581.989929199, 644.848022461, 1090.64562988, 3597.50805664, 2014.6315918, 1841.05371094, 4081.64868164, 2779.94580078, 1899.38659668, 3188.47192383, 2364.5090332, 5739.78466797, 2618.84082031, 950.85333252, 1030.68505859, 711.324768066, 321.37890625, 337.585998535, 222.251419067, 333.730102539, 356.089263916, 470.316619873, 164.676193237, 144.557556152, 38.0535087585, 56.7861824036, 33.7336120605, 13.0042819977, 0.756165206432, 0.0263976678252, 0.000265260052402, 2.36765771433e-07],
        "dvar2": [2.37241888046, 96.953666687, 1879.32885742, 4919.78857422, 3448.1496582, 1976.1517334, 1846.43615723, 2398.79638672, 1537.56054688, 1514.02832031, 2394.77319336, 7839.71875, 4669.86181641, 4537.26318359, 10562.2880859, 7055.62939453, 4385.32519531, 8123.1015625, 6037.32373047, 15903.7373047, 6905.25976562, 2421.75097656, 2700.19775391, 1853.15893555, 798.012878418, 855.530639648, 551.628479004, 862.151733398, 968.906677246, 1294.31604004, 443.096466064, 404.630950928, 100.480186462, 157.256729126, 94.2723846436, 36.7136802673, 2.12484812737, 0.0739819258451, 0.000733347260393, 6.41859571715e-07],
        "max": [21.7660198212, 136.355224609, 409.82019043, 674.060974121, 560.193359375, 480.189422607, 535.289306641, 1066.16589355, 521.464599609, 644.697998047, 813.039855957, 1829.66430664, 1476.13146973, 2159.25219727, 2103.60473633, 1773.4954834, 1125.84606934, 1493.38293457, 1305.87646484, 1906.27355957, 1260.05322266, 569.262023926, 692.023498535, 563.659790039, 356.491943359, 331.984710693, 282.175048828, 338.945037842, 391.840026855, 329.29675293, 204.137054443, 208.175735474, 102.451370239, 121.56427002, 79.4596099854, 45.713924408, 11.5394420624, 2.17344689369, 0.207635208964, 0.00732929864898],
        "mean": [1.13105297089, 4.54828739166, 10.7331495285, 7.39323377609, 8.99298095703, 15.7846288681, 15.7769861221, 16.5996398926, 21.9038543701, 23.7439079285, 23.3704547882, 41.5737342834, 31.6070423126, 24.3662834167, 32.2914962769, 22.3976345062, 26.0397815704, 29.3500957489, 20.0063018799, 16.9084835052, 13.8454771042, 11.3732624054, 16.4908733368, 13.2570924759, 9.63224411011, 5.27983665466, 4.55063343048, 4.54112100601, 3.82997393608, 4.41384840012, 3.20694375038, 2.8370885849, 2.5225315094, 1.60790681839, 0.965644538403, 0.463293462992, 0.107155032456, 0.0195312090218, 0.0019884405192, 0.000130059677758],
        "median": [0.29132989049, 2.21873164177, 1.79374802113, 1.90149462223, 2.03842520714, 3.34416389465, 4.65398550034, 5.66996097565, 11.2169427872, 10.2660064697, 8.03670978546, 10.6044931412, 10.9702959061, 9.41246318817, 10.4048309326, 7.8829126358, 9.56390857697, 11.0125455856, 6.66657829285, 5.10221242905, 4.14203023911, 3.43718099594, 4.84807348251, 4.58472204208, 3.31023478508, 1.58050560951, 1.17451715469, 0.761732757092, 0.531047940254, 0.627859711647, 0.496492534876, 0.374407708645, 0.492091238499, 0.201722204685, 0.0886171832681, 0.0293265320361, 0.00564312841743, 0.000635959906504, 8.01591959316e-05, 6.05276218266e-05],
        "min": [2.51926781672e-22, 1.36429891304e-21, 6.57171166763e-21, 1.69217565756e-20, 5.96316054553e-20, 5.18017141097e-20, 1.28924628766e-19, 2.6390409037e-19, 2.4709758978e-19, 6.3091769166e-19, 3.1066192206e-19, 5.49613592265e-19, 5.67080389778e-19, 1.18251010675e-18, 1.33388198749e-18, 3.94696012161e-18, 1.70032051731e-18, 3.49476984564e-18, 2.01073668918e-18, 3.46104114257e-18, 5.21188181919e-18, 5.82669042692e-18, 7.2038787316e-18, 9.84501596946e-18, 1.14924991878e-17, 1.01248412445e-17, 1.3691067501e-17, 1.33893070504e-17, 1.28323183675e-17, 1.10961357449e-17, 1.39870500949e-17, 1.38706508935e-17, 1.10472683959e-17, 1.06228784195e-17, 7.49959828213e-18, 5.05594090293e-18, 2.45334325058e-18, 1.23691046691e-18, 2.88668016753e-19, 2.89907611525e-20],
        "var": [3.91768741608, 75.2272720337, 650.097717285, 987.620727539, 761.836853027, 881.003845215, 973.245300293, 1072.33251953, 957.076293945, 1366.83862305, 2294.82250977, 9434.76953125, 5028.05419922, 2702.80371094, 5285.60009766, 3070.77539062, 2784.17285156, 3801.96655273, 2424.31201172, 4020.62304688, 2208.55810547, 992.874084473, 1389.34973145, 753.09362793, 378.683319092, 292.655395508, 209.862487793, 289.917419434, 260.321655273, 314.2215271, 124.85459137, 100.214492798, 37.3184700012, 38.5323524475, 21.1263008118, 7.74587869644, 0.455040127039, 0.0160452295095, 0.000167995865922, 1.66909202903e-07]
    },
    "gfcc": {
        "mean": [-32.838809967, 115.661231995, -107.107307434, 20.3348960876, -49.1165313721, 14.9225320816, -32.3780822754, 12.5490903854, -17.3621635437, 2.48634815216, -2.9731593132, -2.87618470192, -7.20840978622],
        "cov": [[15344.3134766, -2432.4152832, 1138.78076172, 1226.41821289, -523.426391602, 1626.95385742, -151.428222656, 801.166381836, -249.106063843, 355.7215271, -148.358673096, 357.20690918, -86.2849349976], [-2432.4152832, 3075.20776367, 156.460037231, -353.282440186, 1101.96142578, -182.757919312, 587.349182129, -217.111434937, 429.207580566, -175.294250488, 291.502380371, -219.480438232, 179.223556519], [1138.78076172, 156.460037231, 1134.08312988, 285.152770996, 442.478515625, 439.765686035, 226.877548218, 198.277236938, 115.511535645, 130.255447388, 24.5547809601, 108.1068573, -1.17808771133], [1226.41821289, -353.282440186, 285.152770996, 773.38684082, 210.826370239, 242.950531006, 120.869377136, 179.310760498, 75.2555618286, 67.3893508911, -12.2861185074, 45.6345710754, -5.30253410339], [-523.426391602, 1101.96142578, 442.478515625, 210.826370239, 956.012390137, 143.57522583, 408.660217285, 108.030029297, 255.74861145, 30.7610836029, 114.638748169, 22.5571117401, 74.1906890869], [1626.95385742, -182.757919312, 439.765686035, 242.950531006, 143.57522583, 495.15322876, 150.843811035, 176.734115601, 16.6898384094, 94.6933288574, 8.07493400574, 48.5178489685, -11.8503656387], [-151.428222656, 587.349182129, 226.877548218, 120.869377136, 408.660217285, 150.843811035, 441.401245117, 76.3625564575, 193.273132324, 71.409576416, 100.357849121, 47.9620552063, 71.7070236206], [801.166381836, -217.111434937, 198.277236938, 179.310760498, 108.030029297, 176.734115601, 76.3625564575, 256.260284424, 46.6911430359, 80.341583252, 15.2349586487, 84.4876937866, 11.6490468979], [-249.106063843, 429.207580566, 115.511535645, 75.2555618286, 255.74861145, 16.6898384094, 193.273132324, 46.6911430359, 282.247344971, 69.8064041138, 96.8482971191, 35.6041603088, 90.6865997314], [355.7215271, -175.294250488, 130.255447388, 67.3893508911, 30.7610836029, 94.6933288574, 71.409576416, 80.341583252, 69.8064041138, 161.175689697, 49.8017959595, 75.7758178711, 18.8618011475], [-148.358673096, 291.502380371, 24.5547809601, -12.2861185074, 114.638748169, 8.07493400574, 100.357849121, 15.2349586487, 96.8482971191, 49.8017959595, 156.528839111, 34.1719741821, 62.6195220947], [357.20690918, -219.480438232, 108.1068573, 45.6345710754, 22.5571117401, 48.5178489685, 47.9620552063, 84.4876937866, 35.6041603088, 75.7758178711, 34.1719741821, 177.681564331, 52.2319526672], [-86.2849349976, 179.223556519, -1.17808771133, -5.30253410339, 74.1906890869, -11.8503656387, 71.7070236206, 11.6490468979, 90.6865997314, 18.8618011475, 62.6195220947, 52.2319526672, 130.821304321]],
        "icov": [[0.000133167748572, -9.20002785278e-05, 3.26901754306e-05, -0.000151325148181, 0.000177062553121, -0.000450064544566, 0.000200982496608, -0.000148662729771, 5.56201921427e-05, -8.66232221597e-05, 0.000110287102871, -0.000236702835537, -1.4428987015e-05], [-9.20002785278e-05, 0.0021358714439, -0.000357123732101, 0.00119816185907, -0.00177596253343, 0.000763616350014, -0.00136524310801, 0.000947420310695, -0.00106727308594, 0.00239370530471, -0.00222117919475, 0.00250673945993, -0.000744061660953], [3.26901754306e-05, -0.000357123732101, 0.00178418925498, -0.000205803953577, -0.000416933064116, -0.00149584247265, 0.000568562711123, -9.1324600362e-06, -0.000145253870869, -0.000792657141574, 0.000768599042203, -0.00119386741426, 0.000632398936432], [-0.000151325148181, 0.00119816185907, -0.000205803953577, 0.00247792899609, -0.00129859265871, 0.00022161808738, -0.00081496394705, -0.000109262742626, -0.00098995375447, 0.00126905343495, -0.00072186277248, 0.00149793527089, -0.000178995018359], [0.000177062553121, -0.00177596253343, -0.000416933064116, -0.00129859265871, 0.00385961728171, -0.000454902503407, -0.000318626436638, -0.00135137245525, 0.000109033651825, -0.000804832845461, 0.00126298575196, -0.00172159227077, 0.000681646866724], [-0.000450064544566, 0.000763616350014, -0.00149584247265, 0.00022161808738, -0.000454902503407, 0.00596728548408, -0.00228909170255, -0.00102721806616, 0.000964752631262, -0.000170569503098, -0.000925310596358, 0.00239975890145, -0.000362168007996], [0.000200982496608, -0.00136524310801, 0.000568562711123, -0.00081496394705, -0.000318626436638, -0.00228909170255, 0.00597305456176, -0.000257683655946, -0.00092373607913, -0.00196659006178, 0.000748635677155, -0.00221480010077, 0.000147119135363], [-0.000148662729771, 0.000947420310695, -9.1324600362e-06, -0.000109262742626, -0.00135137245525, -0.00102721806616, -0.000257683655946, 0.00720621272922, -0.000951368245296, -0.000106151193904, -0.000615696364548, -0.00110122049227, 0.00018156907754], [5.56201921427e-05, -0.00106727308594, -0.000145253870869, -0.00098995375447, 0.000109033651825, 0.000964752631262, -0.00092373607913, -0.000951368245296, 0.00805669650435, -0.0036409762688, -0.000126013866975, 0.00018076581182, -0.00299787777476], [-8.66232221597e-05, 0.00239370530471, -0.000792657141574, 0.00126905343495, -0.000804832845461, -0.000170569503098, -0.00196659006178, -0.000106151193904, -0.0036409762688, 0.0134258018807, -0.004910051357, -0.000430246494943, 0.00134647835512], [0.000110287102871, -0.00222117919475, 0.000768599042203, -0.00072186277248, 0.00126298575196, -0.000925310596358, 0.000748635677155, -0.000615696364548, -0.000126013866975, -0.004910051357, 0.0121949417517, -0.00269448314793, -0.00202840659767], [-0.000236702835537, 0.00250673945993, -0.00119386741426, 0.00149793527089, -0.00172159227077, 0.00239975890145, -0.00221480010077, -0.00110122049227, 0.00018076581182, -0.000430246494943, -0.00269448314793, 0.0122767351568, -0.00470973504707], [-1.4428987015e-05, -0.000744061660953, 0.000632398936432, -0.000178995018359, 0.000681646866724, -0.000362168007996, 0.000147119135363, 0.00018156907754, -0.00299787777476, 0.00134647835512, -0.00202840659767, -0.00470973504707, 0.0128714730963]]
    },
    "melbands": {
        "dmean": [0.00241897907108, 0.00248982966878, 0.001101835398, 0.000587026122957, 0.000334704207489, 0.000225217270781, 0.000174372384208, 0.000138379793498, 0.000120742937725, 0.000138162373332, 8.0797712144e-05, 5.83232140343e-05, 6.70828740112e-05, 4.80342241644e-05, 3.79250086553e-05, 4.53388202004e-05, 3.96322975575e-05, 2.45398823608e-05, 2.22985327127e-05, 1.92103780137e-05, 1.05904045995e-05, 8.24972994451e-06, 7.82021015766e-06, 8.49724619911e-06, 6.66704454488e-06, 4.45070008936e-06, 3.80459414373e-06, 2.37041058426e-06, 1.9487431473e-06, 2.62134130935e-06, 2.26971246775e-06, 2.24082873501e-06, 2.24481414079e-06, 2.77022309092e-06, 1.68783901699e-06, 2.13156317841e-06, 1.49926768245e-06, 1.3621315702e-06, 1.37862787142e-06, 1.54230031058e-06],
        "dmean2": [0.00314977020025, 0.00369274639525, 0.00194233423099, 0.00100676692091, 0.000553720281459, 0.000375053990865, 0.000281606131466, 0.000212872721022, 0.000183647935046, 0.000203032686841, 0.000123726407764, 9.15159107535e-05, 0.000106437459181, 7.85508818808e-05, 5.99143968429e-05, 7.13178014848e-05, 6.42840095679e-05, 3.99438977183e-05, 3.69019435311e-05, 3.27939487761e-05, 1.71662341018e-05, 1.35090367621e-05, 1.23461459225e-05, 1.37562610689e-05, 1.07761943582e-05, 7.11062330083e-06, 6.08384652878e-06, 3.94266089643e-06, 3.14483531838e-06, 4.34874073107e-06, 3.78188110517e-06, 3.86858664569e-06, 3.90425202568e-06, 4.81014421894e-06, 2.85553801405e-06, 3.81011705031e-06, 2.54807150668e-06, 2.24667132898e-06, 2.33014611695e-06, 2.73530463346e-06],
        "dvar": [6.86221173964e-05, 0.000118737145385, 4.6237193601e-05, 4.38856613982e-06, 8.48974991641e-07, 4.26238074169e-07, 1.16265759686e-07, 8.57375326291e-08, 1.00565095806e-07, 1.51723668296e-07, 5.02399934987e-08, 2.88787660452e-08, 3.48077158208e-08, 4.23282813244e-08, 1.09165609885e-08, 1.38498599256e-08, 1.27891643942e-08, 7.05823088865e-09, 7.52520801228e-09, 1.32032180744e-08, 2.44248243852e-09, 1.16671750039e-09, 7.38011207702e-10, 6.38243402573e-10, 5.09430997386e-10, 2.08565581472e-10, 1.36744296442e-10, 1.66220759379e-10, 6.19067505592e-11, 1.44533954249e-10, 1.09196568454e-10, 1.26868432426e-10, 9.72458433224e-11, 1.58569490871e-10, 4.09554508363e-11, 1.13438668181e-10, 3.1644027676e-11, 1.66205712387e-11, 2.40946741725e-11, 5.21124532415e-11],
        "dvar2": [0.00013143743854, 0.000285071728285, 0.000132375236717, 1.25322449094e-05, 2.26681299864e-06, 1.16143326068e-06, 3.04471797108e-07, 1.95733775854e-07, 2.1339894829e-07, 3.28287228513e-07, 1.17293510016e-07, 7.19424164686e-08, 8.96943816997e-08, 1.16051587895e-07, 2.52262442046e-08, 3.27535865097e-08, 3.25405942192e-08, 1.83782606911e-08, 2.00965608599e-08, 3.71897179718e-08, 6.25944540644e-09, 3.02790259532e-09, 1.84479043153e-09, 1.69719482912e-09, 1.32412625309e-09, 5.35717081807e-10, 3.17957993268e-10, 4.32976071663e-10, 1.50707127333e-10, 3.75456638002e-10, 2.85337753425e-10, 3.47757156405e-10, 2.66422023332e-10, 4.35315145042e-10, 1.07802253235e-10, 3.22509685624e-10, 8.6844337277e-11, 4.34227202806e-11, 6.46954503858e-11, 1.45828835119e-10],
        "max": [0.14849473536, 0.179421767592, 0.107879377902, 0.0328240096569, 0.0151930041611, 0.0222129132599, 0.00698132067919, 0.00921698380262, 0.00819517485797, 0.012196874246, 0.00731930183247, 0.0080034788698, 0.00549695873633, 0.00753919361159, 0.00295836594887, 0.00267489929684, 0.00285900989547, 0.00237135123461, 0.00190760870464, 0.00282398774289, 0.00120155490004, 0.000594534503762, 0.000608243222814, 0.000510411453433, 0.000476171553601, 0.000294261728413, 0.000197645291337, 0.000230906967772, 0.000155869274749, 0.000243860995397, 0.000188170713955, 0.000244871916948, 0.00016794129624, 0.00020343894721, 0.000121189674246, 0.000175205248524, 9.50577596086e-05, 7.70766055211e-05, 9.43468839978e-05, 0.000110338580271],
        "mean": [0.00868504494429, 0.00583126209676, 0.00135353032965, 0.000920687220059, 0.000598207232542, 0.000386096886359, 0.000327387766447, 0.000252308585914, 0.000205243253731, 0.000265171838691, 0.000150624502567, 9.34752970352e-05, 0.000103062709968, 6.85169798089e-05, 5.35686849616e-05, 6.32262454019e-05, 5.51507582713e-05, 3.25156397594e-05, 2.7199555916e-05, 2.14270839933e-05, 1.44094346979e-05, 1.19776141219e-05, 1.24498765217e-05, 1.43427341754e-05, 1.04269847725e-05, 7.27417955204e-06, 6.00314706389e-06, 2.80648919215e-06, 2.54797487287e-06, 3.05246931021e-06, 2.47482194027e-06, 2.15749378185e-06, 2.09575659937e-06, 2.57761075773e-06, 1.82750829936e-06, 1.7894165012e-06, 1.68431301972e-06, 1.82163660156e-06, 1.58517161708e-06, 1.28777310238e-06],
        "median": [0.00413834583014, 0.00177024467848, 0.000399359909352, 0.000197244153242, 0.000186299643246, 0.000135543188662, 0.000162125390489, 0.000100209399534, 5.3925155953e-05, 6.54028626741e-05, 4.80347953271e-05, 3.10294417432e-05, 3.452841338e-05, 2.17502310988e-05, 1.66890895343e-05, 1.74160850293e-05, 1.87166551768e-05, 9.86651139101e-06, 6.83345251673e-06, 5.42020052308e-06, 3.97655412598e-06, 3.3387266285e-06, 3.38633617503e-06, 4.39199084212e-06, 3.37092956215e-06, 2.29642887462e-06, 1.8809962512e-06, 6.50003755709e-07, 6.59725799323e-07, 5.7694279576e-07, 3.37494782343e-07, 2.56629618889e-07, 2.88926912617e-07, 3.31914918661e-07, 2.78624185057e-07, 1.8351627773e-07, 2.04049200647e-07, 3.27082886997e-07, 2.45609953708e-07, 1.07214063405e-07],
        "min": [2.16837174968e-24, 4.56855934826e-24, 7.95307082108e-24, 3.58753981514e-24, 5.18613567399e-24, 5.70052859889e-24, 3.9707349163e-24, 6.4967527318e-24, 2.00657026435e-24, 3.79107066185e-24, 2.68539256747e-24, 4.51407785313e-24, 3.78516998228e-24, 5.28811408979e-24, 9.71451202546e-24, 2.55413281816e-24, 5.78217925245e-24, 3.40469881782e-24, 2.73870023757e-24, 6.63673964931e-24, 5.77454465661e-24, 5.32414136733e-24, 6.53238676218e-24, 6.73293729239e-24, 8.33867786447e-24, 6.97869665222e-24, 8.99854975649e-24, 6.02996401266e-24, 7.166636452e-24, 9.2593140396e-24, 6.76109804899e-24, 6.35165123461e-24, 6.06314468562e-24, 6.83729727927e-24, 7.13646804441e-24, 7.19853325385e-24, 7.82227216097e-24, 7.74702666352e-24, 7.49775135064e-24, 8.98480148864e-24],
        "var": [0.000195770495338, 0.00013826675422, 2.7410351322e-05, 3.72279509975e-06, 1.1422038142e-06, 5.17584567206e-07, 2.11914851889e-07, 1.78561847974e-07, 2.33163063967e-07, 4.10995681932e-07, 1.2240936087e-07, 4.12634122426e-08, 4.77628923079e-08, 3.67986352501e-08, 1.51887160627e-08, 2.05943688769e-08, 1.54241508454e-08, 7.06533720418e-09, 6.67762023454e-09, 8.65515836779e-09, 2.3390089865e-09, 1.21744880843e-09, 9.68816471492e-10, 8.46075043359e-10, 5.29741028821e-10, 2.30455751704e-10, 1.76249057016e-10, 1.30708097124e-10, 6.19535117652e-11, 1.22680227088e-10, 9.33114072121e-11, 9.26077270424e-11, 6.65857716187e-11, 1.07182741849e-10, 3.42424179289e-11, 7.02879907055e-11, 2.53507301956e-11, 1.79131067618e-11, 2.05682536975e-11, 3.34677806302e-11]
    },
    "mfcc": {
        "mean": [-676.559875488, 143.783157349, 6.74435043335, 12.3349666595, 9.38680458069, 1.53585731983, 5.03243255615, 4.9209651947, -3.66027832031, 4.84495544434, 5.48736476898, 1.20064425468, -1.31744396687],
        "cov": [[11412.5351562, -1180.44482422, 323.770507812, 424.424926758, 325.779449463, 370.481750488, 485.478424072, 411.744750977, 191.996154785, 263.950256348, 118.777954102, -30.8424701691, -38.0725631714], [-1180.44482422, 2660.0234375, -52.9528427124, 140.011703491, 448.141357422, 361.721099854, 283.011474609, 223.578445435, 207.825515747, 139.831253052, 138.954925537, 149.843963623, 174.540435791], [323.770507812, -52.9528427124, 775.711975098, 133.162948608, 236.807113647, 280.35244751, 182.994918823, 161.944793701, 161.616470337, 97.4876861572, 115.151298523, 105.151908875, 71.0042266846], [424.424926758, 140.011703491, 133.162948608, 596.355651855, 316.5730896, 232.722595215, 184.910232544, 215.771759033, 199.491882324, 144.301528931, 85.3994064331, 127.390655518, 108.324211121], [325.779449463, 448.141357422, 236.807113647, 316.5730896, 562.377197266, 260.234619141, 226.515640259, 236.973815918, 186.533752441, 159.079116821, 98.1830673218, 104.838546753, 98.2340698242], [370.481750488, 361.721099854, 280.35244751, 232.722595215, 260.234619141, 438.865905762, 261.840454102, 206.229431152, 210.553573608, 137.044677734, 130.83404541, 103.512207031, 106.848518372], [485.478424072, 283.011474609, 182.994918823, 184.910232544, 226.515640259, 261.840454102, 360.234161377, 208.526229858, 144.445495605, 120.38243103, 129.643798828, 53.7491874695, 73.2514648438], [411.744750977, 223.578445435, 161.944793701, 215.771759033, 236.973815918, 206.229431152, 208.526229858, 289.484405518, 181.57951355, 108.988807678, 95.7651290894, 83.4828872681, 91.307472229], [191.996154785, 207.825515747, 161.616470337, 199.491882324, 186.533752441, 210.553573608, 144.445495605, 181.57951355, 252.308013916, 118.337135315, 87.9437255859, 98.2728805542, 87.6554260254], [263.950256348, 139.831253052, 97.4876861572, 144.301528931, 159.079116821, 137.044677734, 120.38243103, 108.988807678, 118.337135315, 182.071105957, 90.9607543945, 62.4735221863, 49.3688850403], [118.777954102, 138.954925537, 115.151298523, 85.3994064331, 98.1830673218, 130.83404541, 129.643798828, 95.7651290894, 87.9437255859, 90.9607543945, 173.408340454, 64.2310638428, 49.0180549622], [-30.8424701691, 149.843963623, 105.151908875, 127.390655518, 104.838546753, 103.512207031, 53.7491874695, 83.4828872681, 98.2728805542, 62.4735221863, 64.2310638428, 152.769546509, 89.2214355469], [-38.0725631714, 174.540435791, 71.0042266846, 108.324211121, 98.2340698242, 106.848518372, 73.2514648438, 91.307472229, 87.6554260254, 49.3688850403, 49.0180549622, 89.2214355469, 135.548858643]],
