{
"lowlevel": {
    "average_loudness": 0.93137460947,
    "barkbands_crest": {
        "dmean": 2.35534143448,
        "dmean2": 3.91909360886,
        "dvar": 5.05441761017,
        "dvar2": 13.6840467453,
        "max": 25.8257255554,
        "mean": 9.15149211884,
        "median": 8.34363460541,
        "min": 2.60639286041,
        "var": 13.0910730362
    },
    "barkbands_flatness_db": {
        "dmean": 0.0185597725213,
        "dmean2": 0.0286575537175,
        "dvar": 0.000394588918425,
        "dvar2": 0.00093319627922,
        "max": 0.461442649364,
        "mean": 0.153155356646,
        "median": 0.148692175746,
        "min": 0.0313305184245,
        "var": 0.00354611664079
    },
    "barkbands_kurtosis": {
        "dmean": 2.31062316895,
        "dmean2": 3.8266620636,
        "dvar": 29.3026943207,
        "dvar2": 74.4043884277,
        "max": 211.527786255,
        "mean": 2.55613899231,
        "median": 0.804170370102,
        "min": -1.85215950012,
        "var": 50.4095611572
    },
    "barkbands_skewness": {
        "dmean": 0.478043735027,
        "dmean2": 0.755755543709,
        "dvar": 0.337628304958,
        "dvar2": 0.8138641119,
        "max": 9.9343252182,
        "mean": 1.19738280773,
        "median": 1.04682993889,
        "min": -2.0466709137,
        "var": 0.974831283092
    },
    "barkbands_spread": {
        "dmean": 3.91526770592,
        "dmean2": 6.11811685562,
        "dvar": 27.5667228699,
        "dvar2": 55.6583518982,
        "max": 86.8787460327,
        "mean": 19.6356010437,
        "median": 16.8737468719,
        "min": 0.425318330526,
        "var": 148.423599243
    },
    "dissonance": {
        "dmean": 0.0184236560017,
        "dmean2": 0.0308363810182,
        "dvar": 0.000343805237208,
        "dvar2": 0.000911346985959,
        "max": 0.500000238419,
        "mean": 0.458789914846,
        "median": 0.467469662428,
        "min": 0.142990022898,
        "var": 0.00120202905964
    },
    "dynamic_complexity": 2.90657663345,
    "erbbands_crest": {
        "dmean": 2.37485933304,
        "dmean2": 3.79315853119,
        "dvar": 4.92374515533,
        "dvar2": 12.0484304428,
        "max": 32.2105445862,
        "mean": 9.62656879425,
        "median": 8.55497837067,
        "min": 2.49726200104,
        "var": 20.1277351379
    },
    "erbbands_flatness_db": {
        "dmean": 0.0171332247555,
        "dmean2": 0.0240076910704,
        "dvar": 0.000361758371582,
        "dvar2": 0.000653496652376,
        "max": 0.455024212599,
        "mean": 0.187820345163,
        "median": 0.177080243826,
        "min": 0.0548219531775,
        "var": 0.00399223482236
    },
    "erbbands_kurtosis": {
        "dmean": 0.737536907196,
        "dmean2": 1.1492549181,
        "dvar": 3.38874864578,
        "dvar2": 8.10313510895,
        "max": 111.805763245,
        "mean": 0.421340614557,
        "median": -0.155750989914,
        "min": -1.8121393919,
        "var": 8.77071380615
    },
    "erbbands_skewness": {
        "dmean": 0.297893673182,
        "dmean2": 0.457177758217,
        "dvar": 0.0764597952366,
        "dvar2": 0.17754112184,
        "max": 6.23101758957,
        "mean": 0.113369479775,
        "median": 0.110355854034,
        "min": -2.71093082428,
        "var": 0.439344167709
    },
    "erbbands_spread": {
        "dmean": 5.93914651871,
        "dmean2": 8.97587776184,
        "dvar": 53.8338699341,
        "dvar2": 113.868011475,
        "max": 128.054367065,
        "mean": 30.4097957611,
        "median": 28.3673667908,
        "min": 0.757431805134,
        "var": 227.92401123
    },
    "hfc": {
        "dmean": 4.84389162064,
        "dmean2": 7.23588228226,
        "dvar": 40.2644882202,
        "dvar2": 80.5041656494,
        "max": 120.710289001,
        "mean": 22.8688545227,
        "median": 20.327911377,
        "min": 1.11170519993e-16,
        "var": 270.262268066
    },
    "melbands_crest": {
        "dmean": 3.03556275368,
        "dmean2": 5.01627111435,
        "dvar": 8.46570682526,
        "dvar2": 22.1943759918,
        "max": 29.6728782654,
        "mean": 13.2320051193,
        "median": 12.6614141464,
        "min": 1.96819138527,
        "var": 20.3067092896
    },
    "melbands_flatness_db": {
        "dmean": 0.0231713596731,
        "dmean2": 0.0362462215126,
        "dvar": 0.000633526244201,
        "dvar2": 0.00149020052049,
        "max": 0.576359093189,
        "mean": 0.223659217358,
        "median": 0.220434829593,
        "min": 0.00479291845113,
        "var": 0.00486574275419
    },
    "melbands_kurtosis": {
        "dmean": 5.31113624573,
        "dmean2": 8.74002742767,
        "dvar": 166.156890869,
        "dvar2": 395.236633301,
        "max": 679.530212402,
        "mean": 7.94189929962,
        "median": 3.94761753082,
        "min": -1.69043767452,
        "var": 223.178665161
    },
    "melbands_skewness": {
        "dmean": 0.632224023342,
        "dmean2": 0.994276583195,
        "dvar": 0.676270186901,
        "dvar2": 1.61820340157,
        "max": 19.1291904449,
        "mean": 2.05877375603,
        "median": 1.83347570896,
        "min": -1.7485820055,
        "var": 1.90871798992
    },
    "melbands_spread": {
        "dmean": 5.2770242691,
        "dmean2": 8.29662704468,
        "dvar": 45.1944313049,
        "dvar2": 98.837387085,
        "max": 139.501693726,
        "mean": 21.8625354767,
        "median": 19.1842327118,
        "min": 0.676318526268,
        "var": 187.247070312
    },
    "pitch_salience": {
        "dmean": 0.063990868628,
        "dmean2": 0.106936238706,
        "dvar": 0.00367551180534,
        "dvar2": 0.0103608639911,
        "max": 0.914523005486,
        "mean": 0.539171159267,
        "median": 0.539811849594,
        "min": 0.145247429609,
        "var": 0.00836046319455
    },
    "silence_rate_20dB": {
        "dmean": 0,
        "dmean2": 0,
        "dvar": 0,
        "dvar2": 0,
        "max": 1,
        "mean": 1,
        "median": 1,
        "min": 1,
        "var": 0
    },
    "silence_rate_30dB": {
        "dmean": 0.00418477365747,
        "dmean2": 0.00837022159249,
        "dvar": 0.00416852207854,
        "dvar2": 0.0116850519553,
        "max": 1,
        "mean": 0.997505426407,
        "median": 1,
        "min": 0,
        "var": 0.00248794839717
    },
    "silence_rate_60dB": {
        "dmean": 0.00144857552368,
        "dmean2": 0.00289738434367,
        "dvar": 0.0014462886611,
        "dvar2": 0.00305010634474,
        "max": 1,
        "mean": 0.0459483377635,
        "median": 0,
        "min": 0,
        "var": 0.0438352525234
    },
    "spectral_centroid": {
        "dmean": 177.303771973,
        "dmean2": 276.113372803,
        "dvar": 57968.1367188,
        "dvar2": 116111.75,
        "max": 11226.6035156,
        "mean": 1165.66809082,
        "median": 1061.40197754,
        "min": 220.475662231,
        "var": 356989.90625
    },
    "spectral_complexity": {
        "dmean": 2.86415576935,
        "dmean2": 4.6074848175,
        "dvar": 8.37537288666,
        "dvar2": 19.0338096619,
        "max": 51,
        "mean": 21.7910194397,
        "median": 22,
        "min": 0,
        "var": 85.2325286865
    },
    "spectral_decrease": {
        "dmean": 3.06712855114e-09,
        "dmean2": 5.00358776634e-09,
        "dvar": 2.4525144156e-17,
        "dvar2": 6.26887429902e-17,
        "max": 1.29976148974e-28,
        "mean": -8.77062422688e-09,
        "median": -8.16156831007e-09,
        "min": -5.62434010476e-08,
        "var": 3.34698848709e-17
    },
    "spectral_energy": {
        "dmean": 0.0118587454781,
        "dmean2": 0.0193113423884,
        "dvar": 0.000359227618901,
        "dvar2": 0.000917058147024,
        "max": 0.215641468763,
        "mean": 0.0351765491068,
        "median": 0.0331861227751,
        "min": 1.01631788299e-20,
        "var": 0.000510659185238
    },
    "spectral_energyband_high": {
        "dmean": 0.000274151767371,
        "dmean2": 0.000369814486476,
        "dvar": 5.61459671644e-07,
        "dvar2": 8.36195965803e-07,
        "max": 0.0181953981519,
        "mean": 0.000709141837433,
        "median": 0.000249063741649,
        "min": 7.52259051688e-21,
        "var": 2.74321246252e-06
    },
    "spectral_energyband_low": {
        "dmean": 0.00817515701056,
        "dmean2": 0.0135981477797,
        "dvar": 0.000288858864224,
        "dvar2": 0.000746037752833,
        "max": 0.190675392747,
        "mean": 0.012765660882,
        "median": 0.00858289562166,
        "min": 3.56377853581e-23,
        "var": 0.000270440999884
    },
    "spectral_energyband_middle_high": {
        "dmean": 0.00169669801835,
        "dmean2": 0.0026227242779,
        "dvar": 5.49004062123e-06,
        "dvar2": 1.33546782308e-05,
        "max": 0.0669515505433,
        "mean": 0.00698350090533,
        "median": 0.00572855304927,
        "min": 1.11011232886e-21,
        "var": 3.38533209288e-05
    },
    "spectral_energyband_middle_low": {
        "dmean": 0.00599142815918,
        "dmean2": 0.00976849906147,
        "dvar": 0.000100667857623,
        "dvar2": 0.00025738219847,
        "max": 0.160274803638,
        "mean": 0.0164883248508,
        "median": 0.0142511185259,
        "min": 2.70049377911e-22,
        "var": 0.000167006626725
    },
    "spectral_entropy": {
        "dmean": 0.137379527092,
        "dmean2": 0.201615840197,
        "dvar": 0.0286486633122,
        "dvar2": 0.0572686083615,
        "max": 9.80870723724,
        "mean": 7.34522294998,
        "median": 7.39954662323,
        "min": 4.12875747681,
        "var": 0.252702146769
    },
    "spectral_flux": {
        "dmean": 0.0274016652256,
        "dmean2": 0.042522046715,
        "dvar": 0.00133065890986,
        "dvar2": 0.00269584427588,
        "max": 0.426760524511,
        "mean": 0.0897802263498,
        "median": 0.0783836841583,
        "min": 6.6222832773e-11,
        "var": 0.00277017289773
    },
    "spectral_kurtosis": {
        "dmean": 3.28884029388,
        "dmean2": 5.59276866913,
        "dvar": 21.5519180298,
        "dvar2": 61.1800193787,
        "max": 158.43901062,
        "mean": 7.92333173752,
        "median": 5.41912555695,
        "min": -1.22604835033,
        "var": 92.4484710693
    },
    "spectral_rms": {
        "dmean": 0.000873390701599,
        "dmean2": 0.00138492113911,
        "dvar": 1.37876713779e-06,
        "dvar2": 3.34832679982e-06,
        "max": 0.0145045481622,
        "mean": 0.0055129523389,
        "median": 0.00569005310535,
        "min": 3.14885639265e-12,
        "var": 3.92591027776e-06
    },
    "spectral_rolloff": {
        "dmean": 323.875457764,
        "dmean2": 546.608703613,
        "dvar": 351792.46875,
        "dvar2": 730056.5625,
        "max": 19035.3515625,
        "mean": 1308.61779785,
        "median": 1162.79296875,
        "min": 86.1328125,
        "var": 1120054.25
    },
    "spectral_skewness": {
        "dmean": 0.32158139348,
        "dmean2": 0.525122463703,
        "dvar": 0.135638356209,
        "dvar2": 0.368617922068,
        "max": 10.6960477829,
        "mean": 1.80192530155,
        "median": 1.63261306286,
        "min": -0.0354916900396,
        "var": 0.689069151878
    },
    "spectral_spread": {
        "dmean": 413110.03125,
        "dmean2": 579879,
        "dvar": 375343022080,
        "dvar2": 695350984704,
        "max": 41672760,
        "mean": 3442770,
        "median": 3305354.75,
        "min": 601471.125,
        "var": 2.40518116147e+12
    },
    "spectral_strongpeak": {
        "dmean": 0.543955504894,
        "dmean2": 0.933655738831,
        "dvar": 0.881194889545,
        "dvar2": 2.20887207985,
        "max": 10.9965000153,
        "mean": 1.0869024992,
        "median": 0.520465910435,
        "min": 3.35474287239e-10,
        "var": 1.71994185448
    },
    "zerocrossingrate": {
        "dmean": 0.00672323908657,
        "dmean2": 0.00805968604982,
        "dvar": 8.26546820463e-05,
        "dvar2": 8.51574150147e-05,
        "max": 0.509765625,
        "mean": 0.0489215627313,
        "median": 0.04443359375,
        "min": 0.00244140625,
        "var": 0.000746979378164
    },
    "barkbands": {
        "dmean": [0.000193259751541, 0.0049741207622, 0.00331283011474, 0.0027093871031, 0.00254616723396, 0.00118682277389, 0.000731460691895, 0.000920192571357, 0.000769357779063, 0.000750300998334, 0.000289279880235, 0.000438504037447, 0.000446382007794, 0.000416591152316, 0.000430879736086, 0.000291642092634, 0.000280064385151, 0.000139570969623, 9.85640581348e-05, 9.14193005883e-05, 9.79990727501e-05, 9.88976971712e-05, 6.32829760434e-05, 2.45135997829e-05, 1.50874066094e-05, 1.33432204166e-05, 6.19309230387e-06],
        "dmean2": [0.000311479176162, 0.00836701691151, 0.00585952727124, 0.00471261981875, 0.00433559343219, 0.00191908993293, 0.00107500213198, 0.00133017997723, 0.00110143690836, 0.00112666143104, 0.000450722436653, 0.000677527452353, 0.000723040662706, 0.000663096492644, 0.000706646824256, 0.000471383798867, 0.000446253019618, 0.000227946788073, 0.000160502153449, 0.00014721757907, 0.00014487541921, 0.000140096497489, 9.22826511669e-05, 3.57819080818e-05, 2.16902717511e-05, 2.11846654565e-05, 1.04669770735e-05],
        "dvar": [2.15777816948e-07, 0.000123319841805, 5.18301858392e-05, 3.40884034813e-05, 2.40312911046e-05, 3.73385842067e-06, 2.16610942516e-06, 4.23250139647e-06, 2.17688420889e-06, 3.37243045578e-06, 5.92935691657e-07, 7.6020768347e-07, 5.65474465475e-07, 6.86119392412e-07, 5.84034182793e-07, 2.95339077638e-07, 2.85447612214e-07, 7.47721031757e-08, 2.57878536303e-08, 4.46559234035e-08, 9.72929683485e-08, 1.20477110954e-07, 3.8728213525e-08, 4.20977208648e-09, 2.00858929489e-09, 1.21965915145e-09, 4.29381363798e-10],
        "dvar2": [4.99384441355e-07, 0.000314149423502, 0.000147708851728, 8.99671431398e-05, 6.38738274574e-05, 9.29267935135e-06, 4.67924292025e-06, 8.5311512521e-06, 4.21366439696e-06, 8.5622559709e-06, 1.11457245566e-06, 1.77184938366e-06, 1.37361973884e-06, 1.58773207204e-06, 1.51233905399e-06, 7.41900009871e-07, 6.50654556011e-07, 1.80979299103e-07, 6.56385310549e-08, 1.0950102336e-07, 1.87103154303e-07, 2.10359274888e-07, 8.35181310777e-08, 9.67518776207e-09, 4.03656441605e-09, 2.93617952174e-09, 1.14350828806e-09],
        "max": [0.00574441626668, 0.132886394858, 0.0786241441965, 0.0979669094086, 0.0845609456301, 0.0335417166352, 0.0496427677572, 0.0444163270295, 0.0439573600888, 0.0570724271238, 0.0460057929158, 0.0240973867476, 0.0150544829667, 0.0251029189676, 0.0153529988602, 0.0160693209618, 0.0167891345918, 0.00991279631853, 0.00460633868352, 0.00618650624529, 0.00855626258999, 0.0107556702569, 0.00655764061958, 0.00173981348053, 0.00160193385091, 0.000645196763799, 0.000265910377493],
        "mean": [0.000184279429959, 0.00626923236996, 0.00484178587794, 0.00329834385775, 0.00409483863041, 0.00256254011765, 0.00173705338966, 0.00249940971844, 0.00167635490652, 0.00160154246259, 0.000495222688187, 0.000844377907924, 0.000809245510027, 0.000812820042484, 0.000862301385496, 0.000585405679885, 0.000633114774246, 0.000305087480228, 0.000239432440139, 0.000198513705982, 0.000200412177946, 0.00021289435972, 0.000113683185191, 4.39125906269e-05, 3.03155666188e-05, 1.87506811926e-05, 5.76805086894e-06],
        "median": [1.70059665834e-05, 0.00339135434479, 0.00249336939305, 0.00160293048248, 0.00250701908953, 0.00126669555902, 0.000691011722665, 0.000574777601287, 0.000776029191911, 0.000681834062561, 0.000231415731832, 0.000425700680353, 0.000458234513644, 0.000404582679039, 0.000436671980424, 0.000315961573506, 0.000287616450805, 0.000162934244145, 0.000125054415548, 9.04802509467e-05, 6.750159082e-05, 5.53861536901e-05, 2.42193455051e-05, 9.42224687606e-06, 3.82878852179e-06, 8.72259761309e-07, 1.63591082014e-07],
        "min": [1.65780302524e-24, 3.89101066107e-24, 7.13845755161e-24, 1.41517118335e-23, 1.44223132121e-23, 2.20334404409e-23, 1.52110668322e-23, 1.78151550561e-23, 5.1050341465e-23, 3.47098230317e-23, 1.39548515946e-23, 3.64847632239e-23, 5.88138340222e-23, 4.11373701796e-23, 8.42436930025e-23, 1.0618520906e-22, 1.19311286543e-22, 9.13339180206e-23, 1.59205699081e-22, 2.13802585627e-22, 3.76026517018e-22, 4.07832454706e-22, 5.46916886936e-22, 8.82801642502e-22, 1.17109720907e-21, 1.51049652298e-21, 2.28564644507e-21],
        "var": [2.34347950823e-07, 0.000110086941277, 4.81382048747e-05, 3.15882753057e-05, 2.83692752419e-05, 1.2149856957e-05, 9.25000131247e-06, 2.85512851406e-05, 8.57421491673e-06, 1.136562787e-05, 2.15496197598e-06, 2.04891739486e-06, 1.40153292705e-06, 2.10534653888e-06, 1.65574601851e-06, 7.5972883451e-07, 1.32269610731e-06, 2.36437131207e-07, 9.27949059815e-08, 1.14515749772e-07, 3.1461428307e-07, 4.56576117358e-07, 9.5521315302e-08, 8.40289349213e-09, 5.65472113578e-09, 2.11408557327e-09, 3.41847189445e-10]
    },
    "erbbands": {
        "dmean": [0.154450312257, 1.1343511343, 3.47757411003, 6.03967094421, 10.9910411835, 7.48935842514, 6.68005084991, 10.991856575, 11.4422521591, 11.7508096695, 21.9364871979, 16.0740642548, 23.9228038788, 17.4704456329, 11.0846815109, 19.5090293884, 19.3139190674, 21.3230113983, 22.292842865, 18.5417957306, 19.3117084503, 12.2087631226, 7.23120641708, 5.3301153183, 5.14016628265, 4.31340312958, 3.64025902748, 4.12501049042, 3.66216993332, 2.84247088432, 1.53914630413, 0.633103251457, 0.378529042006, 0.187232464552, 0.106776766479, 0.0581255741417, 0.0248723942786, 0.00722306733951, 0.00107912858948, 5.90839117649e-05],
        "dmean2": [0.262131214142, 1.92792093754, 6.16193580627, 10.5504989624, 18.9337654114, 12.8025817871, 10.9304676056, 17.6598339081, 17.5439720154, 16.9279747009, 31.5037975311, 22.6751689911, 35.3382148743, 26.3370857239, 17.1508731842, 30.1635894775, 31.2467327118, 34.059677124, 36.6648521423, 30.6961650848, 31.0920143127, 19.268157959, 11.579161644, 8.86950874329, 8.31522655487, 6.97550535202, 5.64140892029, 5.84903812408, 5.26904916763, 4.00005245209, 2.23962187767, 0.935174882412, 0.557339251041, 0.271271795034, 0.154938459396, 0.0876551270485, 0.0407073460519, 0.0121499709785, 0.00182298116852, 9.80763725238e-05],
        "dvar": [0.135982304811, 6.71173095703, 61.0530929565, 120.609466553, 757.667419434, 161.671875, 152.002410889, 380.040924072, 487.757965088, 669.386413574, 2555.42260742, 910.391052246, 2459.15185547, 2646.90478516, 585.478942871, 1452.31481934, 1039.9296875, 1901.30310059, 1880.8692627, 956.633483887, 1302.96044922, 628.611083984, 216.21446228, 65.365562439, 84.1202774048, 96.2176589966, 87.5737991333, 238.122421265, 184.52381897, 91.4652328491, 19.0654830933, 2.96654987335, 0.990171134472, 0.319535702467, 0.102197393775, 0.0243354495615, 0.0046872831881, 0.000467897596536, 1.33394642035e-05, 2.85541297274e-08],
        "dvar2": [0.341933131218, 18.07213974, 174.882995605, 324.059020996, 2014.45080566, 454.466186523, 396.224151611, 934.483154297, 1098.34692383, 1407.27038574, 5177.97753906, 1745.9486084, 5537.40380859, 6827.06884766, 1253.23925781, 3212.03442383, 2494.43164062, 4416.39746094, 4879.68359375, 2453.81860352, 3293.61352539, 1428.78771973, 511.257171631, 176.214050293, 204.423278809, 234.886901855, 180.691467285, 451.840484619, 341.15045166, 168.558181763, 40.0269508362, 6.74338531494, 2.30814051628, 0.644442141056, 0.213182553649, 0.053504742682, 0.0118195181713, 0.00123829836957, 3.55126176146e-05, 7.5384640752e-08],
        "max": [3.79172563553, 29.429693222, 89.5275268555, 138.791809082, 455.989593506, 230.837265015, 297.592529297, 402.561035156, 699.586975098, 1286.33972168, 1184.71643066, 1170.11279297, 1135.10559082, 1910.09887695, 1183.36230469, 1201.64709473, 745.314208984, 1478.29846191, 963.803771973, 862.84954834, 1006.86755371, 1109.8182373, 574.08203125, 191.788955688, 312.359283447, 251.556747437, 300.820953369, 495.139251709, 440.014190674, 277.638458252, 132.035568237, 45.6191368103, 25.9976329803, 18.124332428, 10.7159156799, 3.97562241554, 1.19400072098, 0.300870865583, 0.042953170836, 0.00205725920387],
        "mean": [0.153985664248, 1.52944111824, 5.33536291122, 8.38786411285, 14.4045648575, 11.9492826462, 12.8446626663, 23.525144577, 26.9423122406, 28.6289806366, 61.758026123, 38.804233551, 52.3589706421, 38.2526016235, 22.3690128326, 38.838104248, 37.2397270203, 44.942527771, 45.1573295593, 36.6249160767, 41.4054489136, 30.8766403198, 18.1206436157, 13.4980812073, 12.3128633499, 9.4506816864, 7.887611866, 8.11866378784, 7.67039823532, 5.79743432999, 2.76755404472, 1.11693131924, 0.662876844406, 0.355593025684, 0.206899955869, 0.0977595075965, 0.0311919413507, 0.00738616194576, 0.00101604720112, 8.68733259267e-05],
        "median": [0.0480167269707, 0.923674583435, 3.02851843834, 4.98828840256, 7.63471269608, 6.82983589172, 6.27775382996, 10.5837106705, 11.9047298431, 12.3510951996, 16.4531116486, 19.5160579681, 24.5437507629, 18.2919139862, 13.0952959061, 21.2711486816, 23.4321613312, 24.2808990479, 23.3851547241, 21.8113822937, 20.7498054504, 15.4802751541, 9.75434017181, 8.09479427338, 6.29970407486, 4.44966220856, 3.40111303329, 1.87371528149, 1.89531588554, 1.28059482574, 0.640382945538, 0.225732013583, 0.145899057388, 0.0522906817496, 0.0217824261636, 0.00563030596823, 0.00142369279638, 0.00023301228066, 5.16622894793e-05, 4.80566850456e-05],
        "min": [1.7312754158e-22, 8.41429081332e-22, 8.35279793193e-21, 2.89840855464e-20, 2.14859727902e-20, 6.44819534604e-20, 1.08747276708e-19, 1.72639172511e-19, 3.3696200039e-19, 4.54326418204e-19, 5.34464141237e-19, 1.0030212196e-18, 8.507856072e-19, 1.23289698658e-18, 1.6002869809e-18, 2.29409692059e-18, 2.84947653041e-18, 2.88165282226e-18, 4.41003650803e-18, 3.94052713798e-18, 7.37433335888e-18, 7.71331197391e-18, 5.70005569258e-18, 7.29552620756e-18, 8.71337416167e-18, 1.0486840296e-17, 1.29176064789e-17, 1.5623691457e-17, 1.49019862987e-17, 1.30343406885e-17, 1.64752772063e-17, 1.41948692977e-17, 1.25473199049e-17, 1.11658257115e-17, 8.57195109234e-18, 4.90005623495e-18, 2.56470037259e-18, 1.34092429304e-18, 3.05380270452e-19, 3.09351978163e-20],
        "var": [0.118140436709, 5.52655172348, 51.9373435974, 119.872192383, 658.786132812, 244.277801514, 353.597839355, 1279.91894531, 1936.16491699, 2776.18066406, 17490.875, 3941.33398438, 8948.09570312, 7858.69091797, 1748.12634277, 4091.75830078, 2488.41796875, 6175.09472656, 5165.85498047, 2393.80102539, 3694.16430664, 3237.89428711, 904.298156738, 235.741744995, 288.88973999, 252.054702759, 276.844818115, 749.862854004, 646.071228027, 303.233032227, 47.1577110291, 6.14536571503, 1.89801192284, 0.83612704277, 0.268605828285, 0.0615093186498, 0.00612842058763, 0.000421310716774, 1.05792332761e-05, 2.33063381927e-08]
    },
    "gfcc": {
        "mean": [-8.61716079712, 126.857078552, -132.123504639, 24.2714385986, -45.8212509155, 7.0799870491, -27.4519271851, -1.09192168713, -14.4066648483, -3.50786757469, -15.7711410522, -5.59728813171, -12.1578722],
        "cov": [[13042.7558594, -2151.18115234, 996.746765137, 1669.2088623, -488.690338135, 878.868652344, -595.139892578, 469.153594971, -74.4463043213, 207.485992432, -469.648925781, 229.340408325, -49.2709579468], [-2151.18115234, 2046.43859863, -605.644836426, -366.779418945, 238.269973755, -278.457244873, 241.378417969, -264.429870605, 250.190383911, -221.495376587, 256.850646973, -146.938400269, 167.301818848], [996.746765137, -605.644836426, 1106.76721191, 305.615203857, -87.7668914795, 298.201721191, -115.166557312, 115.629837036, -54.1811218262, 57.6630439758, -85.415687561, 107.13318634, 9.75346946716], [1669.2088623, -366.779418945, 305.615203857, 600.581665039, -44.3007316589, 193.180770874, -63.8990707397, 90.6215591431, -16.7609615326, 10.0238456726, -61.0039024353, 40.6064491272, 45.3771514893], [-488.690338135, 238.269973755, -87.7668914795, -44.3007316589, 287.4012146, -69.1313018799, 80.7835922241, 23.3410644531, 24.5458869934, -1.21124827862, 32.8207931519, -14.5380592346, 23.9050159454], [878.868652344, -278.457244873, 298.201721191, 193.180770874, -69.1313018799, 259.690673828, -10.4786262512, 62.3483657837, -20.0513706207, 23.6320648193, -37.3938713074, 31.606218338, -5.19497680664], [-595.139892578, 241.378417969, -115.166557312, -63.8990707397, 80.7835922241, -10.4786262512, 214.326950073, -7.02522706985, 19.2635955811, -5.17496728897, 44.0190544128, -13.6718053818, -12.6534004211], [469.153594971, -264.429870605, 115.629837036, 90.6215591431, 23.3410644531, 62.3483657837, -7.02522706985, 150.080337524, -1.67694151402, 45.4833602905, -35.5604286194, 24.6051177979, -9.82719898224], [-74.4463043213, 250.190383911, -54.1811218262, -16.7609615326, 24.5458869934, -20.0513706207, 19.2635955811, -1.67694151402, 125.900421143, -7.00702619553, 20.8436050415, -19.2246360779, 21.3892364502], [207.485992432, -221.495376587, 57.6630439758, 10.0238456726, -1.21124827862, 23.6320648193, -5.17496728897, 45.4833602905, -7.00702619553, 111.82724762, 0.458395510912, 17.4052906036, -37.7076797485], [-469.648925781, 256.850646973, -85.415687561, -61.0039024353, 32.8207931519, -37.3938713074, 44.0190544128, -35.5604286194, 20.8436050415, 0.458395510912, 100.14666748, 2.73460888863, 20.3576049805], [229.340408325, -146.938400269, 107.13318634, 40.6064491272, -14.5380592346, 31.606218338, -13.6718053818, 24.6051177979, -19.2246360779, 17.4052906036, 2.73460888863, 83.5458526611, 12.7003326416], [-49.2709579468, 167.301818848, 9.75346946716, 45.3771514893, 23.9050159454, -5.19497680664, -12.6534004211, -9.82719898224, 21.3892364502, -37.7076797485, 20.3576049805, 12.7003326416, 103.431144714]],
        "icov": [[0.000185954588233, -0.000151691478095, 0.000148893304868, -0.000392900488805, 0.000105412436824, -0.000384773389669, 0.000425115664257, -0.00020924276032, 2.56525254372e-05, -0.000332441646606, 0.000661125057377, -0.000471463456051, 0.000281980261207], [-0.000151691478095, 0.00284632481635, -0.00012628697732, 0.000816939689685, -0.000926421198528, 0.000661774189211, -0.00163773656823, 0.00211721658707, -0.00335286185145, 0.00340350321494, -0.00452748546377, 0.00290232757106, -0.00230567832477], [0.000148893304868, -0.00012628697732, 0.0016826899955, -0.000423992052674, -8.41758374008e-05, -0.00177019741386, 0.000926624343265, -0.000241336631007, 0.000128464962472, -0.000562405912206, 0.00107666652184, -0.00160500069614, 7.70746337366e-05], [-0.000392900488805, 0.000816939689685, -0.000423992052674, 0.00344463577494, -0.000406931183534, -0.000606014509685, -0.000767968362197, 9.36311625992e-05, -0.000573457684368, 0.00127978879027, -0.00137695809826, 0.00138853141107, -0.00231558713131], [0.000105412436824, -0.000926421198528, -8.41758374008e-05, -0.000406931183534, 0.00497496686876, 0.00123776891269, -0.00108217506204, -0.00236149667762, 0.00102555449121, -0.00136817863677, 0.000935492455028, -0.00011709563114, -0.000589845236391], [-0.000384773389669, 0.000661774189211, -0.00177019741386, -0.000606014509685, 0.00123776891269, 0.00816092360765, -0.00256429309957, -0.000594458368141, -0.000286150112515, 0.000986196217127, -0.00170811673161, 0.00152877124492, -0.000500104622915], [0.000425115664257, -0.00163773656823, 0.000926624343265, -0.000767968362197, -0.00108217506204, -0.00256429309957, 0.00789698865265, -0.00161197129637, 0.00120752293151, -0.00131489732303, 0.000998179195449, -0.00231028301641, 0.00339350639842], [-0.00020924276032, 0.00211721658707, -0.000241336631007, 9.36311625992e-05, -0.00236149667762, -0.000594458368141, -0.00161197129637, 0.0117701971903, -0.00333834229968, -0.000927333254367, -6.83667094563e-05, 0.000343941763276, -0.00178208854049], [2.56525254372e-05, -0.00335286185145, 0.000128464962472, -0.000573457684368, 0.00102555449121, -0.000286150112515, 0.00120752293151, -0.00333834229968, 0.0131354033947, -0.00416908459738, 0.003542275168, -0.000671977933962, 0.000403189245844], [-0.000332441646606, 0.00340350321494, -0.000562405912206, 0.00127978879027, -0.00136817863677, 0.000986196217127, -0.00131489732303, -0.000927333254367, -0.00416908459738, 0.0168706867844, -0.00867871940136, 0.00188449048437, 0.00243419036269], [0.000661125057377, -0.00452748546377, 0.00107666652184, -0.00137695809826, 0.000935492455028, -0.00170811673161, 0.000998179195449, -6.83667094563e-05, 0.003542275168, -0.00867871940136, 0.0227766744792, -0.00769802602008, 0.000520171946846], [-0.000471463456051, 0.00290232757106, -0.00160500069614, 0.00138853141107, -0.00011709563114, 0.00152877124492, -0.00231028301641, 0.000343941763276, -0.000671977933962, 0.00188449048437, -0.00769802602008, 0.019220624119, -0.00554205756634], [0.000281980261207, -0.00230567832477, 7.70746337366e-05, -0.00231558713131, -0.000589845236391, -0.000500104622915, 0.00339350639842, -0.00178208854049, 0.000403189245844, 0.00243419036269, 0.000520171946846, -0.00554205756634, 0.0162799078971]]
    },
    "melbands": {
        "dmean": [0.00136072398163, 0.0016606412828, 0.00121906143613, 0.000644367188215, 0.000237657412072, 0.00024222220236, 0.000169735722011, 0.000140365067637, 0.000168801358086, 0.000103758604382, 0.000122396333609, 7.61848787079e-05, 4.24872850999e-05, 5.02182083437e-05, 4.65549601358e-05, 4.10831089539e-05, 4.13056404795e-05, 3.79836565116e-05, 2.41081434069e-05, 2.0761443011e-05, 2.50747252721e-05, 1.51970343722e-05, 1.02899030026e-05, 7.17777629688e-06, 4.53345273854e-06, 4.30244517702e-06, 3.85127759728e-06, 2.77714934782e-06, 2.49088384408e-06, 2.51989877142e-06, 2.59549938164e-06, 2.36662049247e-06, 1.84938221537e-06, 1.60700255947e-06, 1.04841831217e-06, 5.25114387528e-07, 3.59223179203e-07, 3.0319509392e-07, 1.96857371293e-07, 1.58168788289e-07],
        "dmean2": [0.00228708866052, 0.00290665379725, 0.00212558102794, 0.00110436649993, 0.000391733745346, 0.000389095308492, 0.000258585467236, 0.000202607741812, 0.000242047812208, 0.000147752158227, 0.000181093637366, 0.000115322050988, 6.59589495626e-05, 7.78596513555e-05, 7.37636510166e-05, 6.59682555124e-05, 6.59762445139e-05, 6.24555905233e-05, 3.9358932554e-05, 3.41916565958e-05, 4.0354741941e-05, 2.42522928602e-05, 1.61668995133e-05, 1.20564518511e-05, 7.59669046602e-06, 7.07441949999e-06, 6.22309062237e-06, 4.54220207757e-06, 4.02360456064e-06, 3.8492398744e-06, 3.75096487915e-06, 3.49000788447e-06, 2.68763187705e-06, 2.35118955061e-06, 1.55434804583e-06, 7.87976546235e-07, 5.38894823876e-07, 4.56043665054e-07, 2.91782498607e-07, 2.35137079585e-07],
        "dvar": [9.58736927714e-06, 1.44064570122e-05, 6.03368516749e-06, 1.7688889784e-06, 1.68176029547e-07, 1.72686270616e-07, 9.97162814542e-08, 8.22901355946e-08, 1.36363411229e-07, 3.86967435873e-08, 6.46801581183e-08, 5.39358637752e-08, 1.0489398683e-08, 1.06443609482e-08, 5.5051150305e-09, 5.29499066815e-09, 7.20942550103e-09, 5.34634025939e-09, 1.60329594046e-09, 1.03446828881e-09, 2.0987678262e-09, 1.02373431954e-09, 5.22782372947e-10, 1.78493969605e-10, 5.13475303943e-11, 5.39751091044e-11, 8.64732382921e-11, 3.54381697598e-11, 3.39339355226e-11, 6.79884967769e-11, 1.0702225911e-10, 8.28282720189e-11, 3.89873897055e-11, 3.12428208304e-11, 8.89408338645e-12, 2.17238228274e-12, 9.94333088089e-13, 6.61854956691e-13, 2.75153624928e-13, 2.75712368518e-13],
        "dvar2": [2.39712753682e-05, 4.06176332035e-05, 1.5939847799e-05, 4.68442340207e-06, 4.41261022388e-07, 4.26384502816e-07, 2.23608850547e-07, 1.71240301938e-07, 2.76180998071e-07, 7.58351532681e-08, 1.46895231978e-07, 1.40339935228e-07, 1.99745766594e-08, 2.55618974876e-08, 1.28111592446e-08, 1.23974119859e-08, 1.68708513826e-08, 1.37993838578e-08, 4.02913125086e-09, 2.63536326095e-09, 5.2366444514e-09, 2.3998962817e-09, 1.15583276283e-09, 4.78615480581e-10, 1.40085359979e-10, 1.37723860094e-10, 2.17636880739e-10, 8.70787192353e-11, 7.69253896693e-11, 1.39797326493e-10, 2.15346004917e-10, 1.66677643909e-10, 7.43130348924e-11, 6.3499691616e-11, 1.94747343252e-11, 4.99216726985e-12, 2.3401044557e-12, 1.60920517363e-12, 5.90051174153e-13, 5.79710324883e-13],
        "max": [0.0363443158567, 0.0449160672724, 0.0373550392687, 0.0242621973157, 0.01054511033, 0.00796410348266, 0.00903111603111, 0.0117198163643, 0.00853361282498, 0.00649417703971, 0.00570753542706, 0.00872038677335, 0.00617523305118, 0.00284729409032, 0.00161041435786, 0.00235444679856, 0.00248742476106, 0.00154797697905, 0.000957910204306, 0.00070853845682, 0.00119321246166, 0.00133934023324, 0.000885062094312, 0.000373458489776, 0.000178050337126, 0.000210368845728, 0.000304901099298, 0.000146806021803, 0.000162431009812, 0.000228872595471, 0.000350408954546, 0.000309628550895, 0.000192019477254, 0.000176173067302, 8.5800740635e-05, 4.37723028881e-05, 2.61302702711e-05, 2.2388096113e-05, 1.4155268218e-05, 2.23899260163e-05],
        "mean": [0.00156951800454, 0.00256797601469, 0.00171094248071, 0.000972915266175, 0.000456357665826, 0.000525018782355, 0.000405248836614, 0.000347247318132, 0.000475352455396, 0.000233458675211, 0.000262284389464, 0.000160424766364, 7.53364874981e-05, 9.33710107347e-05, 8.89713774086e-05, 8.0138881458e-05, 8.23066293378e-05, 7.27664955775e-05, 4.8738100304e-05, 4.23608835263e-05, 4.99330890307e-05, 3.38201825798e-05, 2.23590122914e-05, 1.44906316564e-05, 1.01490441011e-05, 9.46229101828e-06, 7.90816375229e-06, 5.65841310163e-06, 4.92088838655e-06, 4.62853267891e-06, 4.78659012515e-06, 4.56878478872e-06, 3.70442262465e-06, 2.99022849504e-06, 1.76646312866e-06, 8.74233194281e-07, 5.89950332142e-07, 4.95731967476e-07, 3.50296176066e-07, 2.82113035155e-07],
        "median": [0.000719780800864, 0.00167073286138, 0.00105508347042, 0.00056218507234, 0.000236234758631, 0.00024048598425, 0.000182055082405, 0.000131111111841, 0.000130006650579, 0.000116107992653, 0.000117773401143, 7.04089616193e-05, 3.86307256122e-05, 4.51643427368e-05, 5.77856517339e-05, 4.51037740277e-05, 4.11798937421e-05, 3.46264241671e-05, 2.75760703516e-05, 2.59229345829e-05, 2.23915703828e-05, 1.53487999341e-05, 9.44127350522e-06, 7.31675390853e-06, 5.94031916989e-06, 4.69687302029e-06, 3.64437096323e-06, 2.63493075181e-06, 2.20135757445e-06, 1.37910546982e-06, 8.45376803227e-07, 9.90117086985e-07, 9.94101242213e-07, 5.74859768676e-07, 4.01784490123e-07, 1.67988162048e-07, 1.10158062228e-07, 1.12159312948e-07, 5.68267743972e-08, 4.196188641e-08],
        "min": [1.35940455492e-24, 3.03041508386e-24, 6.03985277853e-24, 2.67853716899e-24, 3.71686527751e-24, 4.42574830871e-24, 5.32967838203e-24, 4.47744433599e-24, 4.85613149151e-24, 7.02848087509e-24, 3.77922078776e-24, 4.55014102384e-24, 2.7712924203e-24, 4.64370978797e-24, 7.82497716501e-24, 7.21584165097e-24, 4.50013513106e-24, 5.26840282235e-24, 5.66894931356e-24, 5.71191225618e-24, 9.49471802233e-24, 6.63041061826e-24, 4.81488550465e-24, 5.12156188687e-24, 6.00832358588e-24, 5.38901531603e-24, 6.70553226454e-24, 5.67984545482e-24, 7.77917984516e-24, 7.91032244863e-24, 8.80754996526e-24, 7.17841493418e-24, 6.77689656634e-24, 7.15514432634e-24, 8.75878573954e-24, 1.08611536945e-23, 7.60937674645e-24, 8.6044640361e-24, 9.13752890419e-24, 8.50435758722e-24],
        "var": [8.65399579197e-06, 1.16601504487e-05, 5.63756793781e-06, 1.95108304979e-06, 3.98731287987e-07, 5.89591365951e-07, 4.02935143029e-07, 3.85349352428e-07, 9.48000888457e-07, 1.52534383346e-07, 2.35291736317e-07, 1.59192367732e-07, 3.68359813763e-08, 2.70989168882e-08, 1.40395188808e-08, 1.57027866265e-08, 2.29151453368e-08, 1.46248524402e-08, 4.40775504984e-09, 2.82798962026e-09, 5.88045701022e-09, 4.18586099116e-09, 2.46534526127e-09, 4.42885450536e-10, 1.50023549139e-10, 1.65440508515e-10, 1.95641669531e-10, 9.09424688333e-11, 8.88690301903e-11, 1.87393156548e-10, 3.01652147705e-10, 2.52174142679e-10, 1.31801708436e-10, 8.51184261963e-11, 1.98380201155e-11, 4.35421967579e-12, 1.75514702598e-12, 1.13027729537e-12, 6.24691162514e-13, 6.52953711065e-13]
    },
    "mfcc": {
        "mean": [-643.393798828, 152.25881958, -18.5540790558, 22.0797462463, 1.41612923145, 10.6970129013, -4.17882585526, 5.24153137207, -0.0982262194157, 3.22969603539, 1.77577412128, -2.07065653801, -1.4230992794],
        "cov": [[8508.09570312, -1127.32836914, 558.12878418, 772.013427734, 203.165115356, 351.332580566, -177.515731812, 153.486312866, 270.114440918, 92.9700317383, -77.6862792969, -14.9542274475, 101.506500244], [-1127.32836914, 1901.09973145, -534.03112793, -93.5726089478, -21.7123947144, -40.5702171326, -42.3086471558, 15.7335681915, -43.2114181519, 18.4398975372, 55.5604782104, -38.3851165771, -30.4624881744], [558.12878418, -534.03112793, 825.715270996, 125.159011841, 31.3296871185, 185.716720581, 3.30693173409, 77.6184234619, 36.9607696533, -30.3411026001, -16.7762584686, 5.73942232132, -5.60032892227], [772.013427734, -93.5726089478, 125.159011841, 353.019622803, 108.829620361, 77.5847625732, 9.74990272522, 49.3816299438, 74.3055419922, 17.2104034424, -46.4992446899, 4.72436332703, 20.6356086731], [203.165115356, -21.7123947144, 31.3296871185, 108.829620361, 184.614151001, 11.4937639236, 10.2021045685, 8.61415672302, 40.660949707, 20.0174312592, -31.9385948181, -0.60182261467, 6.21722841263], [351.332580566, -40.5702171326, 185.716720581, 77.5847625732, 11.4937639236, 173.817321777, 19.6202392578, 49.4954948425, 22.7246952057, 4.0453081131, 14.4678688049, -7.11778783798, 0.985449075699], [-177.515731812, -42.3086471558, 3.30693173409, 9.74990272522, 10.2021045685, 19.6202392578, 177.586349487, 26.6469936371, 4.73693227768, 9.7672624588, 9.50599765778, 29.4011669159, 14.967707634], [153.486312866, 15.7335681915, 77.6184234619, 49.3816299438, 8.61415672302, 49.4954948425, 26.6469936371, 114.599014282, 43.5237960815, -1.19582939148, 8.37167739868, 6.80123853683, 9.46049499512], [270.114440918, -43.2114181519, 36.9607696533, 74.3055419922, 40.660949707, 22.7246952057, 4.73693227768, 43.5237960815, 99.317527771, 33.4155578613, -4.18774032593, -2.60453605652, 6.3229265213], [92.9700317383, 18.4398975372, -30.3411026001, 17.2104034424, 20.0174312592, 4.0453081131, 9.7672624588, -1.19582939148, 33.4155578613, 87.9052886963, 24.268705368, -2.01988887787, 2.11546397209], [-77.6862792969, 55.5604782104, -16.7762584686, -46.4992446899, -31.9385948181, 14.4678688049, 9.50599765778, 8.37167739868, -4.18774032593, 24.268705368, 107.806495667, 25.3993186951, 15.1542444229], [-14.9542274475, -38.3851165771, 5.73942232132, 4.72436332703, -0.60182261467, -7.11778783798, 29.4011669159, 6.80123853683, -2.60453605652, -2.01988887787, 25.3993186951, 73.2094192505, 24.1078186035], [101.506500244, -30.4624881744, -5.60032892227, 20.6356086731, 6.21722841263, 0.985449075699, 14.967707634, 9.46049499512, 6.3229265213, 2.11546397209, 15.1542444229, 24.1078186035, 78.914642334]],
